Board Stocks,Board I,Board II,Board III,Board Noble,BoardUpsiteDownI,BoardUpsiteDownII,BoardUpsiteDownIII,BoardUpsiteDownNoble,1 Score,1 Stocks,1 Stocks Const,1 Open,1 Noble,1 Upsite Down,2 Score,2 Stocks,2 Stocks Const,2 Open,2 Noble,2 Upsite Down,3 Score,3 Stocks,3 Stocks Const,3 Open,3 Noble,3 Upsite Down,4 Score,4 Stocks,4 Stocks Const,4 Open,4 Noble,4 Upsite Down,Turn
"{'red': 4, 'blue': 5, 'green': 5, 'white': 6, 'black': 6, 'auto_color': 4}","['I_4', 'I_14', 'I_9', 'I_6']","['II_24', 'II_3', 'II_5', 'II_23']","['III_4', 'III_6', 'III_9', 'III_5']","['Noble_4', 'Noble_6', 'Noble_7', 'Noble_3', 'Noble_5']","['I_15', 'I_32', 'I_25', 'I_5', 'I_2', 'I_19', 'I_18', 'I_3', 'I_34', 'I_36', 'I_11', 'I_23', 'I_29', 'I_28', 'I_24', 'I_39', 'I_22', 'I_20', 'I_40', 'I_7', 'I_31', 'I_35', 'I_10', 'I_26', 'I_1', 'I_33', 'I_38', 'I_27', 'I_13', 'I_30', 'I_37', 'I_12', 'I_21', 'I_17', 'I_16', 'I_8']","['II_17', 'II_26', 'II_13', 'II_18', 'II_6', 'II_29', 'II_27', 'II_15', 'II_25', 'II_14', 'II_8', 'II_9', 'II_10', 'II_30', 'II_2', 'II_1', 'II_12', 'II_19', 'II_4', 'II_28', 'II_7', 'II_21', 'II_22', 'II_20', 'II_16', 'II_11']","['III_8', 'III_2', 'III_19', 'III_1', 'III_17', 'III_16', 'III_11', 'III_7', 'III_18', 'III_3', 'III_12', 'III_14', 'III_10', 'III_15', 'III_13']","['Noble_10', 'Noble_2', 'Noble_8', 'Noble_9', 'Noble_1']",0,"{'red': 1, 'blue': 1, 'green': 1, 'white': 0, 'black': 0, 'auto_color': 0}","{'red': 0, 'blue': 0, 'green': 0, 'white': 0, 'black': 0}",[],[],[],0,"{'red': 0, 'blue': 0, 'green': 0, 'white': 0, 'black': 0, 'auto_color': 1}","{'red': 0, 'blue': 0, 'green': 0, 'white': 0, 'black': 0}",[],[],['III_20'],0,"{'red': 1, 'blue': 0, 'green': 0, 'white': 1, 'black': 1, 'auto_color': 0}","{'red': 0, 'blue': 0, 'green': 0, 'white': 0, 'black': 0}",[],[],[],0,"{'red': 1, 'blue': 1, 'green': 1, 'white': 0, 'black': 0, 'auto_color': 0}","{'red': 0, 'blue': 0, 'green': 0, 'white': 0, 'black': 0}",[],[],[],1
"{'red': 1, 'blue': 3, 'green': 2, 'white': 4, 'black': 4, 'auto_color': 4}","['I_4', 'I_14', 'I_9', 'I_6']","['II_24', 'II_3', 'II_5', 'II_23']","['III_4', 'III_6', 'III_9', 'III_5']","['Noble_4', 'Noble_6', 'Noble_7', 'Noble_3', 'Noble_5']","['I_15', 'I_32', 'I_25', 'I_5', 'I_2', 'I_19', 'I_18', 'I_3', 'I_34', 'I_36', 'I_11', 'I_23', 'I_29', 'I_28', 'I_24', 'I_39', 'I_22', 'I_20', 'I_40', 'I_7', 'I_31', 'I_35', 'I_10', 'I_26', 'I_1', 'I_33', 'I_38', 'I_27', 'I_13', 'I_30', 'I_37', 'I_12', 'I_21', 'I_17', 'I_16', 'I_8']","['II_17', 'II_26', 'II_13', 'II_18', 'II_6', 'II_29', 'II_27', 'II_15', 'II_25', 'II_14', 'II_8', 'II_9', 'II_10', 'II_30', 'II_2', 'II_1', 'II_12', 'II_19', 'II_4', 'II_28', 'II_7', 'II_21', 'II_22', 'II_20', 'II_16', 'II_11']","['III_8', 'III_2', 'III_19', 'III_1', 'III_17', 'III_16', 'III_11', 'III_7', 'III_18', 'III_3', 'III_12', 'III_14', 'III_10', 'III_15', 'III_13']","['Noble_10', 'Noble_2', 'Noble_8', 'Noble_9', 'Noble_1']",0,"{'red': 2, 'blue': 1, 'green': 2, 'white': 0, 'black': 1, 'auto_color': 0}","{'red': 0, 'blue': 0, 'green': 0, 'white': 0, 'black': 0}",[],[],[],0,"{'red': 1, 'blue': 0, 'green': 1, 'white': 1, 'black': 0, 'auto_color': 1}","{'red': 0, 'blue': 0, 'green': 0, 'white': 0, 'black': 0}",[],[],['III_20'],0,"{'red': 1, 'blue': 1, 'green': 0, 'white': 2, 'black': 2, 'auto_color': 0}","{'red': 0, 'blue': 0, 'green': 0, 'white': 0, 'black': 0}",[],[],[],0,"{'red': 2, 'blue': 2, 'green': 2, 'white': 0, 'black': 0, 'auto_color': 0}","{'red': 0, 'blue': 0, 'green': 0, 'white': 0, 'black': 0}",[],[],[],2
"{'red': 0, 'blue': 3, 'green': 0, 'white': 3, 'black': 3, 'auto_color': 4}","['I_15', 'I_14', 'I_9', 'I_6']","['II_24', 'II_3', 'II_5', 'II_23']","['III_4', 'III_6', 'III_9', 'III_5']","['Noble_4', 'Noble_6', 'Noble_7', 'Noble_3', 'Noble_5']","['I_32', 'I_25', 'I_5', 'I_2', 'I_19', 'I_18', 'I_3', 'I_34', 'I_36', 'I_11', 'I_23', 'I_29', 'I_28', 'I_24', 'I_39', 'I_22', 'I_20', 'I_40', 'I_7', 'I_31', 'I_35', 'I_10', 'I_26', 'I_1', 'I_33', 'I_38', 'I_27', 'I_13', 'I_30', 'I_37', 'I_12', 'I_21', 'I_17', 'I_16', 'I_8']","['II_17', 'II_26', 'II_13', 'II_18', 'II_6', 'II_29', 'II_27', 'II_15', 'II_25', 'II_14', 'II_8', 'II_9', 'II_10', 'II_30', 'II_2', 'II_1', 'II_12', 'II_19', 'II_4', 'II_28', 'II_7', 'II_21', 'II_22', 'II_20', 'II_16', 'II_11']","['III_8', 'III_2', 'III_19', 'III_1', 'III_17', 'III_16', 'III_11', 'III_7', 'III_18', 'III_3', 'III_12', 'III_14', 'III_10', 'III_15', 'III_13']","['Noble_10', 'Noble_2', 'Noble_8', 'Noble_9', 'Noble_1']",0,"{'red': 3, 'blue': 1, 'green': 3, 'white': 0, 'black': 2, 'auto_color': 0}","{'red': 0, 'blue': 0, 'green': 0, 'white': 0, 'black': 0}",[],[],[],0,"{'red': 1, 'blue': 0, 'green': 1, 'white': 3, 'black': 0, 'auto_color': 1}","{'red': 0, 'blue': 0, 'green': 0, 'white': 0, 'black': 0}",[],[],['III_20'],0,"{'red': 1, 'blue': 0, 'green': 0, 'white': 0, 'black': 2, 'auto_color': 0}","{'red': 0, 'blue': 0, 'green': 1, 'white': 0, 'black': 0}",['I_4'],[],[],0,"{'red': 2, 'blue': 3, 'green': 3, 'white': 1, 'black': 0, 'auto_color': 0}","{'red': 0, 'blue': 0, 'green': 0, 'white': 0, 'black': 0}",[],[],[],3
"{'red': 2, 'blue': 3, 'green': 4, 'white': 3, 'black': 3, 'auto_color': 4}","['I_15', 'I_14', 'I_32', 'I_6']","['II_24', 'II_3', 'II_5', 'II_17']","['III_4', 'III_6', 'III_9', 'III_5']","['Noble_4', 'Noble_6', 'Noble_7', 'Noble_3', 'Noble_5']","['I_25', 'I_5', 'I_2', 'I_19', 'I_18', 'I_3', 'I_34', 'I_36', 'I_11', 'I_23', 'I_29', 'I_28', 'I_24', 'I_39', 'I_22', 'I_20', 'I_40', 'I_7', 'I_31', 'I_35', 'I_10', 'I_26', 'I_1', 'I_33', 'I_38', 'I_27', 'I_13', 'I_30', 'I_37', 'I_12', 'I_21', 'I_17', 'I_16', 'I_8']","['II_26', 'II_13', 'II_18', 'II_6', 'II_29', 'II_27', 'II_15', 'II_25', 'II_14', 'II_8', 'II_9', 'II_10', 'II_30', 'II_2', 'II_1', 'II_12', 'II_19', 'II_4', 'II_28', 'II_7', 'II_21', 'II_22', 'II_20', 'II_16', 'II_11']","['III_8', 'III_2', 'III_19', 'III_1', 'III_17', 'III_16', 'III_11', 'III_7', 'III_18', 'III_3', 'III_12', 'III_14', 'III_10', 'III_15', 'III_13']","['Noble_10', 'Noble_2', 'Noble_8', 'Noble_9', 'Noble_1']",1,"{'red': 1, 'blue': 1, 'green': 0, 'white': 0, 'black': 0, 'auto_color': 0}","{'red': 0, 'blue': 0, 'green': 0, 'white': 1, 'black': 0}",['II_23'],[],[],0,"{'red': 2, 'blue': 0, 'green': 1, 'white': 4, 'black': 1, 'auto_color': 1}","{'red': 0, 'blue': 0, 'green': 0, 'white': 0, 'black': 0}",[],[],['III_20'],0,"{'red': 2, 'blue': 0, 'green': 1, 'white': 0, 'black': 3, 'auto_color': 0}","{'red': 0, 'blue': 0, 'green': 1, 'white': 0, 'black': 0}",['I_4'],[],[],0,"{'red': 0, 'blue': 3, 'green': 1, 'white': 0, 'black': 0, 'auto_color': 0}","{'red': 0, 'blue': 1, 'green': 0, 'white': 0, 'black': 0}",['I_9'],[],[],4
"{'red': 1, 'blue': 5, 'green': 3, 'white': 2, 'black': 6, 'auto_color': 3}","['I_5', 'I_14', 'I_25', 'I_6']","['II_24', 'II_3', 'II_5', 'II_26']","['III_4', 'III_6', 'III_9', 'III_5']","['Noble_4', 'Noble_6', 'Noble_7', 'Noble_3', 'Noble_5']","['I_2', 'I_19', 'I_18', 'I_3', 'I_34', 'I_36', 'I_11', 'I_23', 'I_29', 'I_28', 'I_24', 'I_39', 'I_22', 'I_20', 'I_40', 'I_7', 'I_31', 'I_35', 'I_10', 'I_26', 'I_1', 'I_33', 'I_38', 'I_27', 'I_13', 'I_30', 'I_37', 'I_12', 'I_21', 'I_17', 'I_16', 'I_8']","['II_13', 'II_18', 'II_6', 'II_29', 'II_27', 'II_15', 'II_25', 'II_14', 'II_8', 'II_9', 'II_10', 'II_30', 'II_2', 'II_1', 'II_12', 'II_19', 'II_4', 'II_28', 'II_7', 'II_21', 'II_22', 'II_20', 'II_16', 'II_11']","['III_8', 'III_2', 'III_19', 'III_1', 'III_17', 'III_16', 'III_11', 'III_7', 'III_18', 'III_3', 'III_12', 'III_14', 'III_10', 'III_15', 'III_13']","['Noble_10', 'Noble_2', 'Noble_8', 'Noble_9', 'Noble_1']",1,"{'red': 2, 'blue': 1, 'green': 1, 'white': 1, 'black': 0, 'auto_color': 0}","{'red': 0, 'blue': 0, 'green': 0, 'white': 1, 'black': 0}",['II_23'],[],[],0,"{'red': 2, 'blue': 0, 'green': 1, 'white': 4, 'black': 1, 'auto_color': 2}","{'red': 0, 'blue': 0, 'green': 0, 'white': 0, 'black': 0}",[],[],"['III_20', 'II_17']",0,"{'red': 2, 'blue': 0, 'green': 1, 'white': 0, 'black': 0, 'auto_color': 0}","{'red': 0, 'blue': 1, 'green': 1, 'white': 0, 'black': 0}","['I_4', 'I_15']",[],[],0,"{'red': 0, 'blue': 1, 'green': 1, 'white': 0, 'black': 0, 'auto_color': 0}","{'red': 0, 'blue': 1, 'green': 0, 'white': 1, 'black': 0}","['I_9', 'I_32']",[],[],5
"{'red': 1, 'blue': 3, 'green': 1, 'white': 0, 'black': 5, 'auto_color': 2}","['I_5', 'I_14', 'I_25', 'I_6']","['II_24', 'II_3', 'II_5', 'II_13']","['III_4', 'III_6', 'III_9', 'III_5']","['Noble_4', 'Noble_6', 'Noble_7', 'Noble_3', 'Noble_5']","['I_2', 'I_19', 'I_18', 'I_3', 'I_34', 'I_36', 'I_11', 'I_23', 'I_29', 'I_28', 'I_24', 'I_39', 'I_22', 'I_20', 'I_40', 'I_7', 'I_31', 'I_35', 'I_10', 'I_26', 'I_1', 'I_33', 'I_38', 'I_27', 'I_13', 'I_30', 'I_37', 'I_12', 'I_21', 'I_17', 'I_16', 'I_8']","['II_18', 'II_6', 'II_29', 'II_27', 'II_15', 'II_25', 'II_14', 'II_8', 'II_9', 'II_10', 'II_30', 'II_2', 'II_1', 'II_12', 'II_19', 'II_4', 'II_28', 'II_7', 'II_21', 'II_22', 'II_20', 'II_16', 'II_11']","['III_8', 'III_2', 'III_19', 'III_1', 'III_17', 'III_16', 'III_11', 'III_7', 'III_18', 'III_3', 'III_12', 'III_14', 'III_10', 'III_15', 'III_13']","['Noble_10', 'Noble_2', 'Noble_8', 'Noble_9', 'Noble_1']",1,"{'red': 3, 'blue': 1, 'green': 2, 'white': 2, 'black': 0, 'auto_color': 0}","{'red': 0, 'blue': 0, 'green': 0, 'white': 1, 'black': 0}",['II_23'],[],[],0,"{'red': 1, 'blue': 0, 'green': 1, 'white': 4, 'black': 1, 'auto_color': 3}","{'red': 0, 'blue': 0, 'green': 0, 'white': 0, 'black': 0}",[],[],"['III_20', 'II_17', 'II_26']",0,"{'red': 2, 'blue': 1, 'green': 1, 'white': 0, 'black': 1, 'auto_color': 0}","{'red': 0, 'blue': 1, 'green': 1, 'white': 0, 'black': 0}","['I_4', 'I_15']",[],[],0,"{'red': 0, 'blue': 2, 'green': 2, 'white': 1, 'black': 0, 'auto_color': 0}","{'red': 0, 'blue': 1, 'green': 0, 'white': 1, 'black': 0}","['I_9', 'I_32']",[],[],6
"{'red': 4, 'blue': 6, 'green': 6, 'white': 5, 'black': 7, 'auto_color': 3}","['I_2', 'I_14', 'I_19', 'I_6']","['II_24', 'II_18', 'II_5', 'II_13']","['III_4', 'III_6', 'III_9', 'III_5']","['Noble_4', 'Noble_6', 'Noble_7', 'Noble_3', 'Noble_5']","['I_18', 'I_3', 'I_34', 'I_36', 'I_11', 'I_23', 'I_29', 'I_28', 'I_24', 'I_39', 'I_22', 'I_20', 'I_40', 'I_7', 'I_31', 'I_35', 'I_10', 'I_26', 'I_1', 'I_33', 'I_38', 'I_27', 'I_13', 'I_30', 'I_37', 'I_12', 'I_21', 'I_17', 'I_16', 'I_8']","['II_6', 'II_29', 'II_27', 'II_15', 'II_25', 'II_14', 'II_8', 'II_9', 'II_10', 'II_30', 'II_2', 'II_1', 'II_12', 'II_19', 'II_4', 'II_28', 'II_7', 'II_21', 'II_22', 'II_20', 'II_16', 'II_11']","['III_8', 'III_2', 'III_19', 'III_1', 'III_17', 'III_16', 'III_11', 'III_7', 'III_18', 'III_3', 'III_12', 'III_14', 'III_10', 'III_15', 'III_13']","['Noble_10', 'Noble_2', 'Noble_8', 'Noble_9', 'Noble_1']",2,"{'red': 0, 'blue': 1, 'green': 0, 'white': 0, 'black': 0, 'auto_color': 0}","{'red': 0, 'blue': 0, 'green': 1, 'white': 1, 'black': 0}","['II_23', 'II_3']",[],[],1,"{'red': 1, 'blue': 0, 'green': 0, 'white': 1, 'black': 0, 'auto_color': 0}","{'red': 0, 'blue': 0, 'green': 0, 'white': 0, 'black': 1}",['II_26'],[],"['III_20', 'II_17']",0,"{'red': 2, 'blue': 0, 'green': 0, 'white': 0, 'black': 0, 'auto_color': 0}","{'red': 0, 'blue': 1, 'green': 1, 'white': 1, 'black': 0}","['I_4', 'I_15', 'I_25']",[],[],0,"{'red': 0, 'blue': 0, 'green': 1, 'white': 1, 'black': 0, 'auto_color': 0}","{'red': 0, 'blue': 1, 'green': 1, 'white': 1, 'black': 0}","['I_9', 'I_32', 'I_5']",[],[],7
"{'red': 2, 'blue': 4, 'green': 4, 'white': 4, 'black': 5, 'auto_color': 2}","['I_2', 'I_14', 'I_19', 'I_6']","['II_24', 'II_18', 'II_5', 'II_6']","['III_4', 'III_6', 'III_9', 'III_5']","['Noble_4', 'Noble_6', 'Noble_7', 'Noble_3', 'Noble_5']","['I_18', 'I_3', 'I_34', 'I_36', 'I_11', 'I_23', 'I_29', 'I_28', 'I_24', 'I_39', 'I_22', 'I_20', 'I_40', 'I_7', 'I_31', 'I_35', 'I_10', 'I_26', 'I_1', 'I_33', 'I_38', 'I_27', 'I_13', 'I_30', 'I_37', 'I_12', 'I_21', 'I_17', 'I_16', 'I_8']","['II_29', 'II_27', 'II_15', 'II_25', 'II_14', 'II_8', 'II_9', 'II_10', 'II_30', 'II_2', 'II_1', 'II_12', 'II_19', 'II_4', 'II_28', 'II_7', 'II_21', 'II_22', 'II_20', 'II_16', 'II_11']","['III_8', 'III_2', 'III_19', 'III_1', 'III_17', 'III_16', 'III_11', 'III_7', 'III_18', 'III_3', 'III_12', 'III_14', 'III_10', 'III_15', 'III_13']","['Noble_10', 'Noble_2', 'Noble_8', 'Noble_9', 'Noble_1']",2,"{'red': 1, 'blue': 1, 'green': 1, 'white': 0, 'black': 1, 'auto_color': 0}","{'red': 0, 'blue': 0, 'green': 1, 'white': 1, 'black': 0}","['II_23', 'II_3']",[],[],1,"{'red': 1, 'blue': 0, 'green': 0, 'white': 1, 'black': 0, 'auto_color': 1}","{'red': 0, 'blue': 0, 'green': 0, 'white': 0, 'black': 1}",['II_26'],[],"['III_20', 'II_17', 'II_13']",0,"{'red': 2, 'blue': 1, 'green': 0, 'white': 1, 'black': 1, 'auto_color': 0}","{'red': 0, 'blue': 1, 'green': 1, 'white': 1, 'black': 0}","['I_4', 'I_15', 'I_25']",[],[],0,"{'red': 1, 'blue': 1, 'green': 2, 'white': 1, 'black': 0, 'auto_color': 0}","{'red': 0, 'blue': 1, 'green': 1, 'white': 1, 'black': 0}","['I_9', 'I_32', 'I_5']",[],[],8
"{'red': 1, 'blue': 3, 'green': 3, 'white': 5, 'black': 6, 'auto_color': 2}","['I_2', 'I_14', 'I_3', 'I_18']","['II_24', 'II_18', 'II_5', 'II_6']","['III_4', 'III_6', 'III_9', 'III_5']","['Noble_4', 'Noble_6', 'Noble_7', 'Noble_3', 'Noble_5']","['I_34', 'I_36', 'I_11', 'I_23', 'I_29', 'I_28', 'I_24', 'I_39', 'I_22', 'I_20', 'I_40', 'I_7', 'I_31', 'I_35', 'I_10', 'I_26', 'I_1', 'I_33', 'I_38', 'I_27', 'I_13', 'I_30', 'I_37', 'I_12', 'I_21', 'I_17', 'I_16', 'I_8']","['II_29', 'II_27', 'II_15', 'II_25', 'II_14', 'II_8', 'II_9', 'II_10', 'II_30', 'II_2', 'II_1', 'II_12', 'II_19', 'II_4', 'II_28', 'II_7', 'II_21', 'II_22', 'II_20', 'II_16', 'II_11']","['III_8', 'III_2', 'III_19', 'III_1', 'III_17', 'III_16', 'III_11', 'III_7', 'III_18', 'III_3', 'III_12', 'III_14', 'III_10', 'III_15', 'III_13']","['Noble_10', 'Noble_2', 'Noble_8', 'Noble_9', 'Noble_1']",2,"{'red': 0, 'blue': 0, 'green': 1, 'white': 0, 'black': 0, 'auto_color': 0}","{'red': 0, 'blue': 0, 'green': 2, 'white': 1, 'black': 0}","['II_23', 'II_3', 'I_6']",[],[],1,"{'red': 2, 'blue': 1, 'green': 0, 'white': 1, 'black': 1, 'auto_color': 1}","{'red': 0, 'blue': 0, 'green': 0, 'white': 0, 'black': 1}",['II_26'],[],"['III_20', 'II_17', 'II_13']",0,"{'red': 2, 'blue': 1, 'green': 0, 'white': 0, 'black': 0, 'auto_color': 0}","{'red': 1, 'blue': 1, 'green': 1, 'white': 1, 'black': 0}","['I_4', 'I_15', 'I_25', 'I_19']",[],[],0,"{'red': 2, 'blue': 2, 'green': 3, 'white': 1, 'black': 0, 'auto_color': 0}","{'red': 0, 'blue': 1, 'green': 1, 'white': 1, 'black': 0}","['I_9', 'I_32', 'I_5']",[],[],9
"{'red': 1, 'blue': 1, 'green': 3, 'white': 5, 'black': 2, 'auto_color': 2}","['I_34', 'I_14', 'I_3', 'I_18']","['II_24', 'II_18', 'II_5', 'II_6']","['III_4', 'III_6', 'III_9', 'III_5']","['Noble_4', 'Noble_6', 'Noble_7', 'Noble_3', 'Noble_5']","['I_36', 'I_11', 'I_23', 'I_29', 'I_28', 'I_24', 'I_39', 'I_22', 'I_20', 'I_40', 'I_7', 'I_31', 'I_35', 'I_10', 'I_26', 'I_1', 'I_33', 'I_38', 'I_27', 'I_13', 'I_30', 'I_37', 'I_12', 'I_21', 'I_17', 'I_16', 'I_8']","['II_29', 'II_27', 'II_15', 'II_25', 'II_14', 'II_8', 'II_9', 'II_10', 'II_30', 'II_2', 'II_1', 'II_12', 'II_19', 'II_4', 'II_28', 'II_7', 'II_21', 'II_22', 'II_20', 'II_16', 'II_11']","['III_8', 'III_2', 'III_19', 'III_1', 'III_17', 'III_16', 'III_11', 'III_7', 'III_18', 'III_3', 'III_12', 'III_14', 'III_10', 'III_15', 'III_13']","['Noble_10', 'Noble_2', 'Noble_8', 'Noble_9', 'Noble_1']",2,"{'red': 1, 'blue': 1, 'green': 1, 'white': 0, 'black': 1, 'auto_color': 0}","{'red': 0, 'blue': 0, 'green': 2, 'white': 1, 'black': 0}","['II_23', 'II_3', 'I_6']",[],[],1,"{'red': 3, 'blue': 2, 'green': 0, 'white': 1, 'black': 2, 'auto_color': 1}","{'red': 0, 'blue': 0, 'green': 0, 'white': 0, 'black': 1}",['II_26'],[],"['III_20', 'II_17', 'II_13']",0,"{'red': 0, 'blue': 1, 'green': 0, 'white': 0, 'black': 0, 'auto_color': 0}","{'red': 1, 'blue': 1, 'green': 2, 'white': 1, 'black': 0}","['I_4', 'I_15', 'I_25', 'I_19', 'I_2']",[],[],0,"{'red': 2, 'blue': 2, 'green': 3, 'white': 1, 'black': 2, 'auto_color': 0}","{'red': 0, 'blue': 1, 'green': 1, 'white': 1, 'black': 0}","['I_9', 'I_32', 'I_5']",[],[],10
"{'red': 3, 'blue': 4, 'green': 3, 'white': 4, 'black': 5, 'auto_color': 3}","['I_36', 'I_11', 'I_3', 'I_18']","['II_24', 'II_18', 'II_5', 'II_6']","['III_4', 'III_6', 'III_9', 'III_5']","['Noble_4', 'Noble_6', 'Noble_7', 'Noble_3', 'Noble_5']","['I_23', 'I_29', 'I_28', 'I_24', 'I_39', 'I_22', 'I_20', 'I_40', 'I_7', 'I_31', 'I_35', 'I_10', 'I_26', 'I_1', 'I_33', 'I_38', 'I_27', 'I_13', 'I_30', 'I_37', 'I_12', 'I_21', 'I_17', 'I_16', 'I_8']","['II_29', 'II_27', 'II_15', 'II_25', 'II_14', 'II_8', 'II_9', 'II_10', 'II_30', 'II_2', 'II_1', 'II_12', 'II_19', 'II_4', 'II_28', 'II_7', 'II_21', 'II_22', 'II_20', 'II_16', 'II_11']","['III_8', 'III_2', 'III_19', 'III_1', 'III_17', 'III_16', 'III_11', 'III_7', 'III_18', 'III_3', 'III_12', 'III_14', 'III_10', 'III_15', 'III_13']","['Noble_10', 'Noble_2', 'Noble_8', 'Noble_9', 'Noble_1']",2,"{'red': 0, 'blue': 0, 'green': 1, 'white': 0, 'black': 1, 'auto_color': 0}","{'red': 0, 'blue': 0, 'green': 2, 'white': 1, 'black': 1}","['II_23', 'II_3', 'I_6', 'I_34']",[],[],2,"{'red': 1, 'blue': 0, 'green': 0, 'white': 1, 'black': 0, 'auto_color': 0}","{'red': 1, 'blue': 0, 'green': 0, 'white': 0, 'black': 1}","['II_26', 'II_17']",[],"['III_20', 'II_13']",0,"{'red': 1, 'blue': 1, 'green': 0, 'white': 1, 'black': 1, 'auto_color': 0}","{'red': 1, 'blue': 1, 'green': 2, 'white': 1, 'black': 0}","['I_4', 'I_15', 'I_25', 'I_19', 'I_2']",[],[],0,"{'red': 2, 'blue': 2, 'green': 3, 'white': 1, 'black': 0, 'auto_color': 0}","{'red': 0, 'blue': 2, 'green': 1, 'white': 1, 'black': 0}","['I_9', 'I_32', 'I_5', 'I_14']",[],[],11
"{'red': 2, 'blue': 4, 'green': 2, 'white': 4, 'black': 5, 'auto_color': 3}","['I_29', 'I_11', 'I_3', 'I_18']","['II_24', 'II_18', 'II_5', 'II_6']","['III_4', 'III_6', 'III_9', 'III_5']","['Noble_4', 'Noble_6', 'Noble_7', 'Noble_3', 'Noble_5']","['I_28', 'I_24', 'I_39', 'I_22', 'I_20', 'I_40', 'I_7', 'I_31', 'I_35', 'I_10', 'I_26', 'I_1', 'I_33', 'I_38', 'I_27', 'I_13', 'I_30', 'I_37', 'I_12', 'I_21', 'I_17', 'I_16', 'I_8']","['II_29', 'II_27', 'II_15', 'II_25', 'II_14', 'II_8', 'II_9', 'II_10', 'II_30', 'II_2', 'II_1', 'II_12', 'II_19', 'II_4', 'II_28', 'II_7', 'II_21', 'II_22', 'II_20', 'II_16', 'II_11']","['III_8', 'III_2', 'III_19', 'III_1', 'III_17', 'III_16', 'III_11', 'III_7', 'III_18', 'III_3', 'III_12', 'III_14', 'III_10', 'III_15', 'III_13']","['Noble_10', 'Noble_2', 'Noble_8', 'Noble_9', 'Noble_1']",2,"{'red': 0, 'blue': 0, 'green': 2, 'white': 1, 'black': 2, 'auto_color': 0}","{'red': 0, 'blue': 0, 'green': 2, 'white': 1, 'black': 1}","['II_23', 'II_3', 'I_6', 'I_34']",[],[],2,"{'red': 3, 'blue': 0, 'green': 0, 'white': 1, 'black': 0, 'auto_color': 0}","{'red': 1, 'blue': 0, 'green': 0, 'white': 0, 'black': 1}","['II_26', 'II_17']",[],"['III_20', 'II_13']",0,"{'red': 1, 'blue': 1, 'green': 0, 'white': 1, 'black': 0, 'auto_color': 0}","{'red': 2, 'blue': 1, 'green': 2, 'white': 1, 'black': 0}","['I_4', 'I_15', 'I_25', 'I_19', 'I_2', 'I_23']",[],[],0,"{'red': 1, 'blue': 2, 'green': 3, 'white': 0, 'black': 0, 'auto_color': 0}","{'red': 0, 'blue': 2, 'green': 1, 'white': 1, 'black': 1}","['I_9', 'I_32', 'I_5', 'I_14', 'I_36']",[],[],12
"{'red': 2, 'blue': 3, 'green': 0, 'white': 1, 'black': 3, 'auto_color': 3}","['I_29', 'I_28', 'I_3', 'I_18']","['II_24', 'II_18', 'II_5', 'II_6']","['III_4', 'III_6', 'III_9', 'III_5']","['Noble_4', 'Noble_6', 'Noble_7', 'Noble_3', 'Noble_5']","['I_24', 'I_39', 'I_22', 'I_20', 'I_40', 'I_7', 'I_31', 'I_35', 'I_10', 'I_26', 'I_1', 'I_33', 'I_38', 'I_27', 'I_13', 'I_30', 'I_37', 'I_12', 'I_21', 'I_17', 'I_16', 'I_8']","['II_29', 'II_27', 'II_15', 'II_25', 'II_14', 'II_8', 'II_9', 'II_10', 'II_30', 'II_2', 'II_1', 'II_12', 'II_19', 'II_4', 'II_28', 'II_7', 'II_21', 'II_22', 'II_20', 'II_16', 'II_11']","['III_8', 'III_2', 'III_19', 'III_1', 'III_17', 'III_16', 'III_11', 'III_7', 'III_18', 'III_3', 'III_12', 'III_14', 'III_10', 'III_15', 'III_13']","['Noble_10', 'Noble_2', 'Noble_8', 'Noble_9', 'Noble_1']",2,"{'red': 0, 'blue': 0, 'green': 3, 'white': 2, 'black': 3, 'auto_color': 0}","{'red': 0, 'blue': 0, 'green': 2, 'white': 1, 'black': 1}","['II_23', 'II_3', 'I_6', 'I_34']",[],[],2,"{'red': 4, 'blue': 0, 'green': 1, 'white': 2, 'black': 0, 'auto_color': 0}","{'red': 1, 'blue': 0, 'green': 0, 'white': 0, 'black': 1}","['II_26', 'II_17']",[],"['III_20', 'II_13']",0,"{'red': 1, 'blue': 2, 'green': 0, 'white': 2, 'black': 1, 'auto_color': 0}","{'red': 2, 'blue': 1, 'green': 2, 'white': 1, 'black': 0}","['I_4', 'I_15', 'I_25', 'I_19', 'I_2', 'I_23']",[],[],0,"{'red': 0, 'blue': 2, 'green': 3, 'white': 0, 'black': 0, 'auto_color': 0}","{'red': 0, 'blue': 3, 'green': 1, 'white': 1, 'black': 1}","['I_9', 'I_32', 'I_5', 'I_14', 'I_36', 'I_11']",[],[],13
"{'red': 1, 'blue': 4, 'green': 6, 'white': 0, 'black': 2, 'auto_color': 3}","['I_29', 'I_39', 'I_3', 'I_18']","['II_24', 'II_18', 'II_29', 'II_6']","['III_4', 'III_6', 'III_9', 'III_5']","['Noble_4', 'Noble_6', 'Noble_7', 'Noble_3', 'Noble_5']","['I_22', 'I_20', 'I_40', 'I_7', 'I_31', 'I_35', 'I_10', 'I_26', 'I_1', 'I_33', 'I_38', 'I_27', 'I_13', 'I_30', 'I_37', 'I_12', 'I_21', 'I_17', 'I_16', 'I_8']","['II_27', 'II_15', 'II_25', 'II_14', 'II_8', 'II_9', 'II_10', 'II_30', 'II_2', 'II_1', 'II_12', 'II_19', 'II_4', 'II_28', 'II_7', 'II_21', 'II_22', 'II_20', 'II_16', 'II_11']","['III_8', 'III_2', 'III_19', 'III_1', 'III_17', 'III_16', 'III_11', 'III_7', 'III_18', 'III_3', 'III_12', 'III_14', 'III_10', 'III_15', 'III_13']","['Noble_10', 'Noble_2', 'Noble_8', 'Noble_9', 'Noble_1']",4,"{'red': 0, 'blue': 0, 'green': 0, 'white': 2, 'black': 3, 'auto_color': 0}","{'red': 0, 'blue': 0, 'green': 3, 'white': 1, 'black': 1}","['II_23', 'II_3', 'I_6', 'I_34', 'II_5']",[],[],2,"{'red': 5, 'blue': 0, 'green': 1, 'white': 3, 'black': 1, 'auto_color': 0}","{'red': 1, 'blue': 0, 'green': 0, 'white': 0, 'black': 1}","['II_26', 'II_17']",[],"['III_20', 'II_13']",0,"{'red': 1, 'blue': 1, 'green': 0, 'white': 2, 'black': 1, 'auto_color': 0}","{'red': 3, 'blue': 1, 'green': 2, 'white': 1, 'black': 0}","['I_4', 'I_15', 'I_25', 'I_19', 'I_2', 'I_23', 'I_24']",[],[],1,"{'red': 0, 'blue': 2, 'green': 0, 'white': 0, 'black': 0, 'auto_color': 0}","{'red': 0, 'blue': 3, 'green': 1, 'white': 2, 'black': 1}","['I_9', 'I_32', 'I_5', 'I_14', 'I_36', 'I_11', 'I_28']",[],[],14
"{'red': 5, 'blue': 3, 'green': 5, 'white': 2, 'black': 3, 'auto_color': 3}","['I_29', 'I_20', 'I_3', 'I_22']","['II_24', 'II_18', 'II_29', 'II_6']","['III_4', 'III_6', 'III_9', 'III_5']","['Noble_4', 'Noble_6', 'Noble_7', 'Noble_3', 'Noble_5']","['I_40', 'I_7', 'I_31', 'I_35', 'I_10', 'I_26', 'I_1', 'I_33', 'I_38', 'I_27', 'I_13', 'I_30', 'I_37', 'I_12', 'I_21', 'I_17', 'I_16', 'I_8']","['II_27', 'II_15', 'II_25', 'II_14', 'II_8', 'II_9', 'II_10', 'II_30', 'II_2', 'II_1', 'II_12', 'II_19', 'II_4', 'II_28', 'II_7', 'II_21', 'II_22', 'II_20', 'II_16', 'II_11']","['III_8', 'III_2', 'III_19', 'III_1', 'III_17', 'III_16', 'III_11', 'III_7', 'III_18', 'III_3', 'III_12', 'III_14', 'III_10', 'III_15', 'III_13']","['Noble_10', 'Noble_2', 'Noble_8', 'Noble_9', 'Noble_1']",4,"{'red': 0, 'blue': 0, 'green': 0, 'white': 0, 'black': 3, 'auto_color': 0}","{'red': 1, 'blue': 0, 'green': 3, 'white': 1, 'black': 1}","['II_23', 'II_3', 'I_6', 'I_34', 'II_5', 'I_18']",[],[],5,"{'red': 0, 'blue': 0, 'green': 1, 'white': 3, 'black': 1, 'auto_color': 0}","{'red': 2, 'blue': 0, 'green': 0, 'white': 0, 'black': 1}","['II_26', 'II_17', 'II_13']",[],['III_20'],0,"{'red': 1, 'blue': 1, 'green': 0, 'white': 2, 'black': 0, 'auto_color': 0}","{'red': 3, 'blue': 1, 'green': 2, 'white': 1, 'black': 1}","['I_4', 'I_15', 'I_25', 'I_19', 'I_2', 'I_23', 'I_24', 'I_39']",[],[],1,"{'red': 1, 'blue': 3, 'green': 1, 'white': 0, 'black': 0, 'auto_color': 0}","{'red': 0, 'blue': 3, 'green': 1, 'white': 2, 'black': 1}","['I_9', 'I_32', 'I_5', 'I_14', 'I_36', 'I_11', 'I_28']",[],[],15
"{'red': 2, 'blue': 2, 'green': 3, 'white': 1, 'black': 2, 'auto_color': 3}","['I_29', 'I_20', 'I_3', 'I_40']","['II_24', 'II_18', 'II_29', 'II_6']","['III_4', 'III_6', 'III_9', 'III_5']","['Noble_4', 'Noble_6', 'Noble_7', 'Noble_3', 'Noble_5']","['I_7', 'I_31', 'I_35', 'I_10', 'I_26', 'I_1', 'I_33', 'I_38', 'I_27', 'I_13', 'I_30', 'I_37', 'I_12', 'I_21', 'I_17', 'I_16', 'I_8']","['II_27', 'II_15', 'II_25', 'II_14', 'II_8', 'II_9', 'II_10', 'II_30', 'II_2', 'II_1', 'II_12', 'II_19', 'II_4', 'II_28', 'II_7', 'II_21', 'II_22', 'II_20', 'II_16', 'II_11']","['III_8', 'III_2', 'III_19', 'III_1', 'III_17', 'III_16', 'III_11', 'III_7', 'III_18', 'III_3', 'III_12', 'III_14', 'III_10', 'III_15', 'III_13']","['Noble_10', 'Noble_2', 'Noble_8', 'Noble_9', 'Noble_1']",4,"{'red': 1, 'blue': 0, 'green': 1, 'white': 1, 'black': 3, 'auto_color': 0}","{'red': 1, 'blue': 0, 'green': 3, 'white': 1, 'black': 1}","['II_23', 'II_3', 'I_6', 'I_34', 'II_5', 'I_18']",[],[],5,"{'red': 1, 'blue': 0, 'green': 1, 'white': 4, 'black': 2, 'auto_color': 0}","{'red': 2, 'blue': 0, 'green': 0, 'white': 0, 'black': 1}","['II_26', 'II_17', 'II_13']",[],['III_20'],0,"{'red': 1, 'blue': 1, 'green': 0, 'white': 1, 'black': 0, 'auto_color': 0}","{'red': 4, 'blue': 1, 'green': 2, 'white': 1, 'black': 1}","['I_4', 'I_15', 'I_25', 'I_19', 'I_2', 'I_23', 'I_24', 'I_39', 'I_22']",[],[],1,"{'red': 2, 'blue': 4, 'green': 2, 'white': 0, 'black': 0, 'auto_color': 0}","{'red': 0, 'blue': 3, 'green': 1, 'white': 2, 'black': 1}","['I_9', 'I_32', 'I_5', 'I_14', 'I_36', 'I_11', 'I_28']",[],[],16
"{'red': 4, 'blue': 1, 'green': 2, 'white': 2, 'black': 3, 'auto_color': 2}","['I_29', 'I_20', 'I_3', 'I_31']","['II_24', 'II_27', 'II_29', 'II_6']","['III_4', 'III_6', 'III_9', 'III_5']","['Noble_4', 'Noble_6', 'Noble_7', 'Noble_3', 'Noble_5']","['I_35', 'I_10', 'I_26', 'I_1', 'I_33', 'I_38', 'I_27', 'I_13', 'I_30', 'I_37', 'I_12', 'I_21', 'I_17', 'I_16', 'I_8']","['II_15', 'II_25', 'II_14', 'II_8', 'II_9', 'II_10', 'II_30', 'II_2', 'II_1', 'II_12', 'II_19', 'II_4', 'II_28', 'II_7', 'II_21', 'II_22', 'II_20', 'II_16', 'II_11']","['III_8', 'III_2', 'III_19', 'III_1', 'III_17', 'III_16', 'III_11', 'III_7', 'III_18', 'III_3', 'III_12', 'III_14', 'III_10', 'III_15', 'III_13']","['Noble_10', 'Noble_2', 'Noble_8', 'Noble_9', 'Noble_1']",5,"{'red': 0, 'blue': 0, 'green': 1, 'white': 0, 'black': 1, 'auto_color': 0}","{'red': 2, 'blue': 0, 'green': 3, 'white': 1, 'black': 1}","['II_23', 'II_3', 'I_6', 'I_34', 'II_5', 'I_18', 'II_18']",[],[],5,"{'red': 1, 'blue': 0, 'green': 1, 'white': 4, 'black': 2, 'auto_color': 1}","{'red': 2, 'blue': 0, 'green': 0, 'white': 0, 'black': 1}","['II_26', 'II_17', 'II_13']",[],"['III_20', 'I_7']",0,"{'red': 1, 'blue': 2, 'green': 1, 'white': 1, 'black': 1, 'auto_color': 0}","{'red': 4, 'blue': 1, 'green': 2, 'white': 1, 'black': 1}","['I_4', 'I_15', 'I_25', 'I_19', 'I_2', 'I_23', 'I_24', 'I_39', 'I_22']",[],[],1,"{'red': 1, 'blue': 4, 'green': 2, 'white': 0, 'black': 0, 'auto_color': 0}","{'red': 0, 'blue': 3, 'green': 1, 'white': 2, 'black': 2}","['I_9', 'I_32', 'I_5', 'I_14', 'I_36', 'I_11', 'I_28', 'I_40']",[],[],17
"{'red': 3, 'blue': 1, 'green': 1, 'white': 1, 'black': 6, 'auto_color': 3}","['I_35', 'I_20', 'I_3', 'I_31']","['II_15', 'II_27', 'II_29', 'II_6']","['III_4', 'III_6', 'III_9', 'III_5']","['Noble_4', 'Noble_6', 'Noble_7', 'Noble_3', 'Noble_5']","['I_10', 'I_26', 'I_1', 'I_33', 'I_38', 'I_27', 'I_13', 'I_30', 'I_37', 'I_12', 'I_21', 'I_17', 'I_16', 'I_8']","['II_25', 'II_14', 'II_8', 'II_9', 'II_10', 'II_30', 'II_2', 'II_1', 'II_12', 'II_19', 'II_4', 'II_28', 'II_7', 'II_21', 'II_22', 'II_20', 'II_16', 'II_11']","['III_8', 'III_2', 'III_19', 'III_1', 'III_17', 'III_16', 'III_11', 'III_7', 'III_18', 'III_3', 'III_12', 'III_14', 'III_10', 'III_15', 'III_13']","['Noble_10', 'Noble_2', 'Noble_8', 'Noble_9', 'Noble_1']",5,"{'red': 1, 'blue': 0, 'green': 2, 'white': 1, 'black': 1, 'auto_color': 0}","{'red': 2, 'blue': 0, 'green': 3, 'white': 1, 'black': 1}","['II_23', 'II_3', 'I_6', 'I_34', 'II_5', 'I_18', 'II_18']",[],[],6,"{'red': 1, 'blue': 0, 'green': 1, 'white': 4, 'black': 0, 'auto_color': 0}","{'red': 2, 'blue': 0, 'green': 1, 'white': 0, 'black': 1}","['II_26', 'II_17', 'II_13', 'I_7']",[],['III_20'],2,"{'red': 1, 'blue': 2, 'green': 1, 'white': 1, 'black': 0, 'auto_color': 0}","{'red': 4, 'blue': 1, 'green': 2, 'white': 2, 'black': 1}","['I_4', 'I_15', 'I_25', 'I_19', 'I_2', 'I_23', 'I_24', 'I_39', 'I_22', 'II_24']",[],[],1,"{'red': 1, 'blue': 4, 'green': 2, 'white': 0, 'black': 0, 'auto_color': 0}","{'red': 0, 'blue': 3, 'green': 1, 'white': 3, 'black': 2}","['I_9', 'I_32', 'I_5', 'I_14', 'I_36', 'I_11', 'I_28', 'I_40', 'I_29']",[],[],18
"{'red': 2, 'blue': 1, 'green': 2, 'white': 1, 'black': 6, 'auto_color': 3}","['I_35', 'I_1', 'I_3', 'I_31']","['II_15', 'II_27', 'II_29', 'II_6']","['III_4', 'III_6', 'III_9', 'III_5']","['Noble_4', 'Noble_6', 'Noble_7', 'Noble_3', 'Noble_5']","['I_33', 'I_38', 'I_27', 'I_13', 'I_30', 'I_37', 'I_12', 'I_21', 'I_17', 'I_16', 'I_8']","['II_25', 'II_14', 'II_8', 'II_9', 'II_10', 'II_30', 'II_2', 'II_1', 'II_12', 'II_19', 'II_4', 'II_28', 'II_7', 'II_21', 'II_22', 'II_20', 'II_16', 'II_11']","['III_8', 'III_2', 'III_19', 'III_1', 'III_17', 'III_16', 'III_11', 'III_7', 'III_18', 'III_3', 'III_12', 'III_14', 'III_10', 'III_15', 'III_13']","['Noble_10', 'Noble_2', 'Noble_8', 'Noble_9', 'Noble_1']",5,"{'red': 1, 'blue': 0, 'green': 2, 'white': 0, 'black': 0, 'auto_color': 0}","{'red': 3, 'blue': 0, 'green': 3, 'white': 1, 'black': 1}","['II_23', 'II_3', 'I_6', 'I_34', 'II_5', 'I_18', 'II_18', 'I_20']",[],[],6,"{'red': 2, 'blue': 0, 'green': 1, 'white': 5, 'black': 1, 'auto_color': 0}","{'red': 2, 'blue': 0, 'green': 1, 'white': 0, 'black': 1}","['II_26', 'II_17', 'II_13', 'I_7']",[],['III_20'],2,"{'red': 1, 'blue': 2, 'green': 1, 'white': 1, 'black': 0, 'auto_color': 0}","{'red': 4, 'blue': 1, 'green': 2, 'white': 3, 'black': 1}","['I_4', 'I_15', 'I_25', 'I_19', 'I_2', 'I_23', 'I_24', 'I_39', 'I_22', 'II_24', 'I_26']",[],[],1,"{'red': 1, 'blue': 4, 'green': 1, 'white': 0, 'black': 0, 'auto_color': 0}","{'red': 0, 'blue': 4, 'green': 1, 'white': 3, 'black': 2}","['I_9', 'I_32', 'I_5', 'I_14', 'I_36', 'I_11', 'I_28', 'I_40', 'I_29', 'I_10']",[],[],19
"{'red': 3, 'blue': 2, 'green': 1, 'white': 0, 'black': 5, 'auto_color': 2}","['I_35', 'I_38', 'I_3', 'I_33']","['II_25', 'II_27', 'II_29', 'II_6']","['III_4', 'III_6', 'III_9', 'III_5']","['Noble_4', 'Noble_6', 'Noble_7', 'Noble_3', 'Noble_5']","['I_27', 'I_13', 'I_30', 'I_37', 'I_12', 'I_21', 'I_17', 'I_16', 'I_8']","['II_14', 'II_8', 'II_9', 'II_10', 'II_30', 'II_2', 'II_1', 'II_12', 'II_19', 'II_4', 'II_28', 'II_7', 'II_21', 'II_22', 'II_20', 'II_16', 'II_11']","['III_8', 'III_2', 'III_19', 'III_1', 'III_17', 'III_16', 'III_11', 'III_7', 'III_18', 'III_3', 'III_12', 'III_14', 'III_10', 'III_15', 'III_13']","['Noble_10', 'Noble_2', 'Noble_8', 'Noble_9', 'Noble_1']",5,"{'red': 1, 'blue': 0, 'green': 3, 'white': 1, 'black': 1, 'auto_color': 0}","{'red': 3, 'blue': 0, 'green': 3, 'white': 1, 'black': 1}","['II_23', 'II_3', 'I_6', 'I_34', 'II_5', 'I_18', 'II_18', 'I_20']",[],[],6,"{'red': 2, 'blue': 0, 'green': 1, 'white': 5, 'black': 1, 'auto_color': 1}","{'red': 2, 'blue': 0, 'green': 1, 'white': 0, 'black': 1}","['II_26', 'II_17', 'II_13', 'I_7']",[],"['III_20', 'II_15']",2,"{'red': 1, 'blue': 1, 'green': 1, 'white': 1, 'black': 0, 'auto_color': 0}","{'red': 4, 'blue': 1, 'green': 3, 'white': 3, 'black': 1}","['I_4', 'I_15', 'I_25', 'I_19', 'I_2', 'I_23', 'I_24', 'I_39', 'I_22', 'II_24', 'I_26', 'I_1']",[],[],1,"{'red': 0, 'blue': 4, 'green': 1, 'white': 0, 'black': 0, 'auto_color': 0}","{'red': 0, 'blue': 4, 'green': 1, 'white': 4, 'black': 2}","['I_9', 'I_32', 'I_5', 'I_14', 'I_36', 'I_11', 'I_28', 'I_40', 'I_29', 'I_10', 'I_31']",[],[],20
"{'red': 3, 'blue': 2, 'green': 7, 'white': 0, 'black': 5, 'auto_color': 1}","['I_13', 'I_27', 'I_3', 'I_33']","['II_25', 'II_8', 'II_29', 'II_14']","['III_4', 'III_6', 'III_9', 'III_5']","['Noble_4', 'Noble_6', 'Noble_7', 'Noble_3']","['I_30', 'I_37', 'I_12', 'I_21', 'I_17', 'I_16', 'I_8']","['II_9', 'II_10', 'II_30', 'II_2', 'II_1', 'II_12', 'II_19', 'II_4', 'II_28', 'II_7', 'II_21', 'II_22', 'II_20', 'II_16', 'II_11']","['III_8', 'III_2', 'III_19', 'III_1', 'III_17', 'III_16', 'III_11', 'III_7', 'III_18', 'III_3', 'III_12', 'III_14', 'III_10', 'III_15', 'III_13']","['Noble_10', 'Noble_2', 'Noble_8', 'Noble_9', 'Noble_1']",8,"{'red': 1, 'blue': 0, 'green': 0, 'white': 1, 'black': 1, 'auto_color': 0}","{'red': 3, 'blue': 0, 'green': 4, 'white': 1, 'black': 1}","['II_23', 'II_3', 'I_6', 'I_34', 'II_5', 'I_18', 'II_18', 'I_20', 'II_6']",[],[],6,"{'red': 2, 'blue': 0, 'green': 0, 'white': 5, 'black': 1, 'auto_color': 2}","{'red': 2, 'blue': 0, 'green': 1, 'white': 0, 'black': 1}","['II_26', 'II_17', 'II_13', 'I_7']",[],"['III_20', 'II_15', 'I_35']",4,"{'red': 1, 'blue': 1, 'green': 0, 'white': 1, 'black': 0, 'auto_color': 0}","{'red': 4, 'blue': 1, 'green': 3, 'white': 3, 'black': 2}","['I_4', 'I_15', 'I_25', 'I_19', 'I_2', 'I_23', 'I_24', 'I_39', 'I_22', 'II_24', 'I_26', 'I_1', 'II_27']",[],[],4,"{'red': 0, 'blue': 4, 'green': 0, 'white': 0, 'black': 0, 'auto_color': 0}","{'red': 0, 'blue': 4, 'green': 1, 'white': 4, 'black': 3}","['I_9', 'I_32', 'I_5', 'I_14', 'I_36', 'I_11', 'I_28', 'I_40', 'I_29', 'I_10', 'I_31', 'I_38']",['Noble_5'],[],21
"{'red': 3, 'blue': 3, 'green': 7, 'white': 2, 'black': 3, 'auto_color': 1}","['I_13', 'I_37', 'I_3', 'I_30']","['II_9', 'II_8', 'II_29', 'II_14']","['III_4', 'III_6', 'III_9', 'III_5']","['Noble_6', 'Noble_7', 'Noble_3']","['I_12', 'I_21', 'I_17', 'I_16', 'I_8']","['II_10', 'II_30', 'II_2', 'II_1', 'II_12', 'II_19', 'II_4', 'II_28', 'II_7', 'II_21', 'II_22', 'II_20', 'II_16', 'II_11']","['III_8', 'III_2', 'III_19', 'III_1', 'III_17', 'III_16', 'III_11', 'III_7', 'III_18', 'III_3', 'III_12', 'III_14', 'III_10', 'III_15', 'III_13']","['Noble_10', 'Noble_2', 'Noble_8', 'Noble_9', 'Noble_1']",8,"{'red': 1, 'blue': 0, 'green': 0, 'white': 1, 'black': 1, 'auto_color': 0}","{'red': 3, 'blue': 0, 'green': 4, 'white': 1, 'black': 2}","['II_23', 'II_3', 'I_6', 'I_34', 'II_5', 'I_18', 'II_18', 'I_20', 'II_6', 'I_33']",[],[],6,"{'red': 2, 'blue': 0, 'green': 0, 'white': 3, 'black': 3, 'auto_color': 2}","{'red': 2, 'blue': 0, 'green': 1, 'white': 0, 'black': 1}","['II_26', 'II_17', 'II_13', 'I_7']",[],"['III_20', 'II_15', 'I_35']",8,"{'red': 1, 'blue': 0, 'green': 0, 'white': 1, 'black': 0, 'auto_color': 0}","{'red': 4, 'blue': 1, 'green': 3, 'white': 3, 'black': 3}","['I_4', 'I_15', 'I_25', 'I_19', 'I_2', 'I_23', 'I_24', 'I_39', 'I_22', 'II_24', 'I_26', 'I_1', 'II_27', 'II_25']",['Noble_4'],[],4,"{'red': 0, 'blue': 4, 'green': 0, 'white': 0, 'black': 0, 'auto_color': 0}","{'red': 0, 'blue': 4, 'green': 1, 'white': 5, 'black': 3}","['I_9', 'I_32', 'I_5', 'I_14', 'I_36', 'I_11', 'I_28', 'I_40', 'I_29', 'I_10', 'I_31', 'I_38', 'I_27']",['Noble_5'],[],22
"{'red': 3, 'blue': 4, 'green': 7, 'white': 2, 'black': 6, 'auto_color': 2}","['I_21', 'I_12', 'I_3', 'I_30']","['II_10', 'II_8', 'II_29', 'II_14']","['III_4', 'III_6', 'III_9', 'III_5']","['Noble_6', 'Noble_7', 'Noble_3']","['I_17', 'I_16', 'I_8']","['II_30', 'II_2', 'II_1', 'II_12', 'II_19', 'II_4', 'II_28', 'II_7', 'II_21', 'II_22', 'II_20', 'II_16', 'II_11']","['III_8', 'III_2', 'III_19', 'III_1', 'III_17', 'III_16', 'III_11', 'III_7', 'III_18', 'III_3', 'III_12', 'III_14', 'III_10', 'III_15', 'III_13']","['Noble_10', 'Noble_2', 'Noble_8', 'Noble_9', 'Noble_1']",8,"{'red': 1, 'blue': 0, 'green': 0, 'white': 1, 'black': 1, 'auto_color': 0}","{'red': 3, 'blue': 0, 'green': 4, 'white': 1, 'black': 3}","['II_23', 'II_3', 'I_6', 'I_34', 'II_5', 'I_18', 'II_18', 'I_20', 'II_6', 'I_33', 'I_37']",[],[],8,"{'red': 2, 'blue': 0, 'green': 0, 'white': 3, 'black': 0, 'auto_color': 1}","{'red': 3, 'blue': 0, 'green': 1, 'white': 0, 'black': 1}","['II_26', 'II_17', 'II_13', 'I_7', 'II_15']",[],"['III_20', 'I_35']",8,"{'red': 1, 'blue': 0, 'green': 0, 'white': 1, 'black': 0, 'auto_color': 0}","{'red': 4, 'blue': 2, 'green': 3, 'white': 3, 'black': 3}","['I_4', 'I_15', 'I_25', 'I_19', 'I_2', 'I_23', 'I_24', 'I_39', 'I_22', 'II_24', 'I_26', 'I_1', 'II_27', 'II_25', 'I_13']",['Noble_4'],[],6,"{'red': 0, 'blue': 3, 'green': 0, 'white': 0, 'black': 0, 'auto_color': 0}","{'red': 0, 'blue': 5, 'green': 1, 'white': 5, 'black': 3}","['I_9', 'I_32', 'I_5', 'I_14', 'I_36', 'I_11', 'I_28', 'I_40', 'I_29', 'I_10', 'I_31', 'I_38', 'I_27', 'II_9']",['Noble_5'],[],23
"{'red': 4, 'blue': 4, 'green': 7, 'white': 3, 'black': 6, 'auto_color': 2}","['I_8', 'I_12', 'I_3', 'I_30']","['II_30', 'II_8', 'II_29', 'II_14']","['III_4', 'III_6', 'III_9', 'III_5']","['Noble_7', 'Noble_3']",[],"['II_2', 'II_1', 'II_12', 'II_19', 'II_4', 'II_28', 'II_7', 'II_21', 'II_22', 'II_20', 'II_16', 'II_11']","['III_8', 'III_2', 'III_19', 'III_1', 'III_17', 'III_16', 'III_11', 'III_7', 'III_18', 'III_3', 'III_12', 'III_14', 'III_10', 'III_15', 'III_13']","['Noble_10', 'Noble_2', 'Noble_8', 'Noble_9', 'Noble_1']",11,"{'red': 1, 'blue': 0, 'green': 0, 'white': 1, 'black': 1, 'auto_color': 0}","{'red': 4, 'blue': 0, 'green': 4, 'white': 1, 'black': 3}","['II_23', 'II_3', 'I_6', 'I_34', 'II_5', 'I_18', 'II_18', 'I_20', 'II_6', 'I_33', 'I_37', 'I_21']",['Noble_6'],[],9,"{'red': 1, 'blue': 0, 'green': 0, 'white': 3, 'black': 0, 'auto_color': 1}","{'red': 3, 'blue': 1, 'green': 1, 'white': 0, 'black': 1}","['II_26', 'II_17', 'II_13', 'I_7', 'II_15', 'I_16']",[],"['III_20', 'I_35']",9,"{'red': 1, 'blue': 0, 'green': 0, 'white': 0, 'black': 0, 'auto_color': 0}","{'red': 5, 'blue': 2, 'green': 3, 'white': 3, 'black': 3}","['I_4', 'I_15', 'I_25', 'I_19', 'I_2', 'I_23', 'I_24', 'I_39', 'I_22', 'II_24', 'I_26', 'I_1', 'II_27', 'II_25', 'I_13', 'I_17']",['Noble_4'],[],8,"{'red': 0, 'blue': 3, 'green': 0, 'white': 0, 'black': 0, 'auto_color': 0}","{'red': 0, 'blue': 6, 'green': 1, 'white': 5, 'black': 3}","['I_9', 'I_32', 'I_5', 'I_14', 'I_36', 'I_11', 'I_28', 'I_40', 'I_29', 'I_10', 'I_31', 'I_38', 'I_27', 'II_9', 'II_10']",['Noble_5'],[],24
"{'red': 2, 'blue': 4, 'green': 7, 'white': 3, 'black': 6, 'auto_color': 2}","['I_3', 'I_30']","['II_30', 'II_8', 'II_2', 'II_14']","['III_4', 'III_6', 'III_9', 'III_5']","['Noble_7', 'Noble_3']",[],"['II_1', 'II_12', 'II_19', 'II_4', 'II_28', 'II_7', 'II_21', 'II_22', 'II_20', 'II_16', 'II_11']","['III_8', 'III_2', 'III_19', 'III_1', 'III_17', 'III_16', 'III_11', 'III_7', 'III_18', 'III_3', 'III_12', 'III_14', 'III_10', 'III_15', 'III_13']","['Noble_10', 'Noble_2', 'Noble_8', 'Noble_9', 'Noble_1']",11,"{'red': 1, 'blue': 0, 'green': 0, 'white': 1, 'black': 1, 'auto_color': 0}","{'red': 4, 'blue': 1, 'green': 4, 'white': 1, 'black': 3}","['II_23', 'II_3', 'I_6', 'I_34', 'II_5', 'I_18', 'II_18', 'I_20', 'II_6', 'I_33', 'I_37', 'I_21', 'I_12']",['Noble_6'],[],9,"{'red': 3, 'blue': 0, 'green': 0, 'white': 3, 'black': 0, 'auto_color': 1}","{'red': 3, 'blue': 1, 'green': 1, 'white': 0, 'black': 1}","['II_26', 'II_17', 'II_13', 'I_7', 'II_15', 'I_16']",[],"['III_20', 'I_35']",9,"{'red': 1, 'blue': 0, 'green': 0, 'white': 0, 'black': 0, 'auto_color': 0}","{'red': 5, 'blue': 2, 'green': 4, 'white': 3, 'black': 3}","['I_4', 'I_15', 'I_25', 'I_19', 'I_2', 'I_23', 'I_24', 'I_39', 'I_22', 'II_24', 'I_26', 'I_1', 'II_27', 'II_25', 'I_13', 'I_17', 'I_8']",['Noble_4'],[],10,"{'red': 0, 'blue': 3, 'green': 0, 'white': 0, 'black': 0, 'auto_color': 0}","{'red': 0, 'blue': 6, 'green': 1, 'white': 5, 'black': 4}","['I_9', 'I_32', 'I_5', 'I_14', 'I_36', 'I_11', 'I_28', 'I_40', 'I_29', 'I_10', 'I_31', 'I_38', 'I_27', 'II_9', 'II_10', 'II_29']",['Noble_5'],[],25
"{'red': 5, 'blue': 4, 'green': 7, 'white': 3, 'black': 6, 'auto_color': 3}",[],"['II_30', 'II_8', 'II_1', 'II_14']","['III_4', 'III_6', 'III_9', 'III_5']","['Noble_7', 'Noble_3']",[],"['II_12', 'II_19', 'II_4', 'II_28', 'II_7', 'II_21', 'II_22', 'II_20', 'II_16', 'II_11']","['III_8', 'III_2', 'III_19', 'III_1', 'III_17', 'III_16', 'III_11', 'III_7', 'III_18', 'III_3', 'III_12', 'III_14', 'III_10', 'III_15', 'III_13']","['Noble_10', 'Noble_2', 'Noble_8', 'Noble_9', 'Noble_1']",11,"{'red': 1, 'blue': 0, 'green': 0, 'white': 1, 'black': 1, 'auto_color': 0}","{'red': 4, 'blue': 1, 'green': 5, 'white': 1, 'black': 3}","['II_23', 'II_3', 'I_6', 'I_34', 'II_5', 'I_18', 'II_18', 'I_20', 'II_6', 'I_33', 'I_37', 'I_21', 'I_12', 'I_3']",['Noble_6'],[],13,"{'red': 0, 'blue': 0, 'green': 0, 'white': 3, 'black': 0, 'auto_color': 0}","{'red': 3, 'blue': 1, 'green': 1, 'white': 0, 'black': 2}","['II_26', 'II_17', 'II_13', 'I_7', 'II_15', 'I_16', 'III_20']",[],['I_35'],9,"{'red': 1, 'blue': 0, 'green': 0, 'white': 0, 'black': 0, 'auto_color': 0}","{'red': 5, 'blue': 2, 'green': 4, 'white': 4, 'black': 3}","['I_4', 'I_15', 'I_25', 'I_19', 'I_2', 'I_23', 'I_24', 'I_39', 'I_22', 'II_24', 'I_26', 'I_1', 'II_27', 'II_25', 'I_13', 'I_17', 'I_8', 'I_30']",['Noble_4'],[],12,"{'red': 0, 'blue': 3, 'green': 0, 'white': 0, 'black': 0, 'auto_color': 0}","{'red': 0, 'blue': 6, 'green': 2, 'white': 5, 'black': 4}","['I_9', 'I_32', 'I_5', 'I_14', 'I_36', 'I_11', 'I_28', 'I_40', 'I_29', 'I_10', 'I_31', 'I_38', 'I_27', 'II_9', 'II_10', 'II_29', 'II_2']",['Noble_5'],[],26
"{'red': 5, 'blue': 2, 'green': 7, 'white': 4, 'black': 7, 'auto_color': 3}",[],"['II_30', 'II_4', 'II_19', 'II_14']","['III_4', 'III_6', 'III_9', 'III_5']",['Noble_7'],[],"['II_28', 'II_7', 'II_21', 'II_22', 'II_20', 'II_16', 'II_11']","['III_8', 'III_2', 'III_19', 'III_1', 'III_17', 'III_16', 'III_11', 'III_7', 'III_18', 'III_3', 'III_12', 'III_14', 'III_10', 'III_15', 'III_13']","['Noble_10', 'Noble_2', 'Noble_8', 'Noble_9', 'Noble_1']",13,"{'red': 1, 'blue': 0, 'green': 0, 'white': 0, 'black': 0, 'auto_color': 0}","{'red': 4, 'blue': 2, 'green': 5, 'white': 1, 'black': 3}","['II_23', 'II_3', 'I_6', 'I_34', 'II_5', 'I_18', 'II_18', 'I_20', 'II_6', 'I_33', 'I_37', 'I_21', 'I_12', 'I_3', 'II_8']",['Noble_6'],[],13,"{'red': 0, 'blue': 2, 'green': 0, 'white': 3, 'black': 0, 'auto_color': 0}","{'red': 3, 'blue': 1, 'green': 1, 'white': 0, 'black': 2}","['II_26', 'II_17', 'II_13', 'I_7', 'II_15', 'I_16', 'III_20']",[],['I_35'],13,"{'red': 1, 'blue': 0, 'green': 0, 'white': 0, 'black': 0, 'auto_color': 0}","{'red': 5, 'blue': 3, 'green': 4, 'white': 4, 'black': 3}","['I_4', 'I_15', 'I_25', 'I_19', 'I_2', 'I_23', 'I_24', 'I_39', 'I_22', 'II_24', 'I_26', 'I_1', 'II_27', 'II_25', 'I_13', 'I_17', 'I_8', 'I_30', 'II_12']","['Noble_4', 'Noble_3']",[],13,"{'red': 0, 'blue': 3, 'green': 0, 'white': 0, 'black': 0, 'auto_color': 0}","{'red': 0, 'blue': 6, 'green': 3, 'white': 5, 'black': 4}","['I_9', 'I_32', 'I_5', 'I_14', 'I_36', 'I_11', 'I_28', 'I_40', 'I_29', 'I_10', 'I_31', 'I_38', 'I_27', 'II_9', 'II_10', 'II_29', 'II_2', 'II_1']",['Noble_5'],[],27
"{'red': 5, 'blue': 1, 'green': 5, 'white': 2, 'black': 4, 'auto_color': 3}",[],"['II_30', 'II_4', 'II_19', 'II_14']","['III_4', 'III_6', 'III_8', 'III_5']",['Noble_7'],[],"['II_28', 'II_7', 'II_21', 'II_22', 'II_20', 'II_16', 'II_11']","['III_2', 'III_19', 'III_1', 'III_17', 'III_16', 'III_11', 'III_7', 'III_18', 'III_3', 'III_12', 'III_14', 'III_10', 'III_15', 'III_13']","['Noble_10', 'Noble_2', 'Noble_8', 'Noble_9', 'Noble_1']",13,"{'red': 1, 'blue': 0, 'green': 1, 'white': 1, 'black': 1, 'auto_color': 0}","{'red': 4, 'blue': 2, 'green': 5, 'white': 1, 'black': 3}","['II_23', 'II_3', 'I_6', 'I_34', 'II_5', 'I_18', 'II_18', 'I_20', 'II_6', 'I_33', 'I_37', 'I_21', 'I_12', 'I_3', 'II_8']",['Noble_6'],[],13,"{'red': 0, 'blue': 3, 'green': 0, 'white': 4, 'black': 1, 'auto_color': 0}","{'red': 3, 'blue': 1, 'green': 1, 'white': 0, 'black': 2}","['II_26', 'II_17', 'II_13', 'I_7', 'II_15', 'I_16', 'III_20']",[],['I_35'],13,"{'red': 1, 'blue': 0, 'green': 1, 'white': 0, 'black': 1, 'auto_color': 0}","{'red': 5, 'blue': 3, 'green': 4, 'white': 4, 'black': 3}","['I_4', 'I_15', 'I_25', 'I_19', 'I_2', 'I_23', 'I_24', 'I_39', 'I_22', 'II_24', 'I_26', 'I_1', 'II_27', 'II_25', 'I_13', 'I_17', 'I_8', 'I_30', 'II_12']","['Noble_4', 'Noble_3']",[],16,"{'red': 0, 'blue': 3, 'green': 0, 'white': 0, 'black': 0, 'auto_color': 0}","{'red': 1, 'blue': 6, 'green': 3, 'white': 5, 'black': 4}","['I_9', 'I_32', 'I_5', 'I_14', 'I_36', 'I_11', 'I_28', 'I_40', 'I_29', 'I_10', 'I_31', 'I_38', 'I_27', 'II_9', 'II_10', 'II_29', 'II_2', 'II_1', 'III_9']",['Noble_5'],[],28
