Board Stocks,Board I,Board II,Board III,Board Noble,BoardUpsiteDownI,BoardUpsiteDownII,BoardUpsiteDownIII,BoardUpsiteDownNoble,1 Score,1 Stocks,1 Stocks Const,1 Open,1 Noble,1 Upsite Down,2 Score,2 Stocks,2 Stocks Const,2 Open,2 Noble,2 Upsite Down,3 Score,3 Stocks,3 Stocks Const,3 Open,3 Noble,3 Upsite Down,4 Score,4 Stocks,4 Stocks Const,4 Open,4 Noble,4 Upsite Down,Turn
"{'red': 4, 'blue': 4, 'green': 4, 'white': 7, 'black': 7, 'auto_color': 4}","['I_9', 'I_21', 'I_18', 'I_17']","['II_14', 'II_10', 'II_15', 'II_6']","['III_12', 'III_9', 'III_4', 'III_8']","['Noble_3', 'Noble_1', 'Noble_2', 'Noble_10', 'Noble_8']","['I_8', 'I_25', 'I_28', 'I_3', 'I_15', 'I_36', 'I_13', 'I_38', 'I_10', 'I_20', 'I_19', 'I_7', 'I_1', 'I_12', 'I_35', 'I_14', 'I_34', 'I_24', 'I_39', 'I_29', 'I_11', 'I_32', 'I_23', 'I_40', 'I_33', 'I_2', 'I_6', 'I_37', 'I_27', 'I_26', 'I_31', 'I_16', 'I_4', 'I_5', 'I_30', 'I_22']","['II_1', 'II_11', 'II_22', 'II_28', 'II_17', 'II_19', 'II_8', 'II_23', 'II_3', 'II_21', 'II_5', 'II_13', 'II_29', 'II_16', 'II_4', 'II_30', 'II_12', 'II_2', 'II_20', 'II_9', 'II_24', 'II_26', 'II_27', 'II_25', 'II_18']","['III_3', 'III_13', 'III_17', 'III_19', 'III_7', 'III_2', 'III_1', 'III_10', 'III_20', 'III_6', 'III_5', 'III_11', 'III_16', 'III_15', 'III_18', 'III_14']","['Noble_9', 'Noble_4', 'Noble_6', 'Noble_7', 'Noble_5']",0,"{'red': 1, 'blue': 1, 'green': 1, 'white': 0, 'black': 0, 'auto_color': 0}","{'red': 0, 'blue': 0, 'green': 0, 'white': 0, 'black': 0}",[],[],[],0,"{'red': 0, 'blue': 0, 'green': 0, 'white': 0, 'black': 0, 'auto_color': 1}","{'red': 0, 'blue': 0, 'green': 0, 'white': 0, 'black': 0}",[],[],['II_7'],0,"{'red': 1, 'blue': 1, 'green': 1, 'white': 0, 'black': 0, 'auto_color': 0}","{'red': 0, 'blue': 0, 'green': 0, 'white': 0, 'black': 0}",[],[],[],0,"{'red': 1, 'blue': 1, 'green': 1, 'white': 0, 'black': 0, 'auto_color': 0}","{'red': 0, 'blue': 0, 'green': 0, 'white': 0, 'black': 0}",[],[],[],1
"{'red': 2, 'blue': 0, 'green': 2, 'white': 6, 'black': 5, 'auto_color': 4}","['I_9', 'I_21', 'I_18', 'I_17']","['II_14', 'II_10', 'II_15', 'II_6']","['III_12', 'III_9', 'III_4', 'III_8']","['Noble_3', 'Noble_1', 'Noble_2', 'Noble_10', 'Noble_8']","['I_8', 'I_25', 'I_28', 'I_3', 'I_15', 'I_36', 'I_13', 'I_38', 'I_10', 'I_20', 'I_19', 'I_7', 'I_1', 'I_12', 'I_35', 'I_14', 'I_34', 'I_24', 'I_39', 'I_29', 'I_11', 'I_32', 'I_23', 'I_40', 'I_33', 'I_2', 'I_6', 'I_37', 'I_27', 'I_26', 'I_31', 'I_16', 'I_4', 'I_5', 'I_30', 'I_22']","['II_1', 'II_11', 'II_22', 'II_28', 'II_17', 'II_19', 'II_8', 'II_23', 'II_3', 'II_21', 'II_5', 'II_13', 'II_29', 'II_16', 'II_4', 'II_30', 'II_12', 'II_2', 'II_20', 'II_9', 'II_24', 'II_26', 'II_27', 'II_25', 'II_18']","['III_3', 'III_13', 'III_17', 'III_19', 'III_7', 'III_2', 'III_1', 'III_10', 'III_20', 'III_6', 'III_5', 'III_11', 'III_16', 'III_15', 'III_18', 'III_14']","['Noble_9', 'Noble_4', 'Noble_6', 'Noble_7', 'Noble_5']",0,"{'red': 1, 'blue': 2, 'green': 2, 'white': 0, 'black': 1, 'auto_color': 0}","{'red': 0, 'blue': 0, 'green': 0, 'white': 0, 'black': 0}",[],[],[],0,"{'red': 0, 'blue': 2, 'green': 0, 'white': 0, 'black': 0, 'auto_color': 1}","{'red': 0, 'blue': 0, 'green': 0, 'white': 0, 'black': 0}",[],[],['II_7'],0,"{'red': 2, 'blue': 1, 'green': 1, 'white': 1, 'black': 1, 'auto_color': 0}","{'red': 0, 'blue': 0, 'green': 0, 'white': 0, 'black': 0}",[],[],[],0,"{'red': 2, 'blue': 2, 'green': 2, 'white': 0, 'black': 0, 'auto_color': 0}","{'red': 0, 'blue': 0, 'green': 0, 'white': 0, 'black': 0}",[],[],[],2
"{'red': 0, 'blue': 0, 'green': 0, 'white': 1, 'black': 3, 'auto_color': 4}","['I_9', 'I_21', 'I_18', 'I_17']","['II_14', 'II_10', 'II_15', 'II_6']","['III_12', 'III_9', 'III_4', 'III_8']","['Noble_3', 'Noble_1', 'Noble_2', 'Noble_10', 'Noble_8']","['I_8', 'I_25', 'I_28', 'I_3', 'I_15', 'I_36', 'I_13', 'I_38', 'I_10', 'I_20', 'I_19', 'I_7', 'I_1', 'I_12', 'I_35', 'I_14', 'I_34', 'I_24', 'I_39', 'I_29', 'I_11', 'I_32', 'I_23', 'I_40', 'I_33', 'I_2', 'I_6', 'I_37', 'I_27', 'I_26', 'I_31', 'I_16', 'I_4', 'I_5', 'I_30', 'I_22']","['II_1', 'II_11', 'II_22', 'II_28', 'II_17', 'II_19', 'II_8', 'II_23', 'II_3', 'II_21', 'II_5', 'II_13', 'II_29', 'II_16', 'II_4', 'II_30', 'II_12', 'II_2', 'II_20', 'II_9', 'II_24', 'II_26', 'II_27', 'II_25', 'II_18']","['III_3', 'III_13', 'III_17', 'III_19', 'III_7', 'III_2', 'III_1', 'III_10', 'III_20', 'III_6', 'III_5', 'III_11', 'III_16', 'III_15', 'III_18', 'III_14']","['Noble_9', 'Noble_4', 'Noble_6', 'Noble_7', 'Noble_5']",0,"{'red': 1, 'blue': 2, 'green': 3, 'white': 1, 'black': 2, 'auto_color': 0}","{'red': 0, 'blue': 0, 'green': 0, 'white': 0, 'black': 0}",[],[],[],0,"{'red': 0, 'blue': 2, 'green': 0, 'white': 2, 'black': 0, 'auto_color': 1}","{'red': 0, 'blue': 0, 'green': 0, 'white': 0, 'black': 0}",[],[],['II_7'],0,"{'red': 3, 'blue': 1, 'green': 1, 'white': 2, 'black': 2, 'auto_color': 0}","{'red': 0, 'blue': 0, 'green': 0, 'white': 0, 'black': 0}",[],[],[],0,"{'red': 3, 'blue': 2, 'green': 3, 'white': 1, 'black': 0, 'auto_color': 0}","{'red': 0, 'blue': 0, 'green': 0, 'white': 0, 'black': 0}",[],[],[],3
"{'red': 3, 'blue': 0, 'green': 1, 'white': 1, 'black': 2, 'auto_color': 3}","['I_8', 'I_21', 'I_18', 'I_17']","['II_14', 'II_1', 'II_15', 'II_6']","['III_12', 'III_9', 'III_4', 'III_8']","['Noble_3', 'Noble_1', 'Noble_2', 'Noble_10', 'Noble_8']","['I_25', 'I_28', 'I_3', 'I_15', 'I_36', 'I_13', 'I_38', 'I_10', 'I_20', 'I_19', 'I_7', 'I_1', 'I_12', 'I_35', 'I_14', 'I_34', 'I_24', 'I_39', 'I_29', 'I_11', 'I_32', 'I_23', 'I_40', 'I_33', 'I_2', 'I_6', 'I_37', 'I_27', 'I_26', 'I_31', 'I_16', 'I_4', 'I_5', 'I_30', 'I_22']","['II_11', 'II_22', 'II_28', 'II_17', 'II_19', 'II_8', 'II_23', 'II_3', 'II_21', 'II_5', 'II_13', 'II_29', 'II_16', 'II_4', 'II_30', 'II_12', 'II_2', 'II_20', 'II_9', 'II_24', 'II_26', 'II_27', 'II_25', 'II_18']","['III_3', 'III_13', 'III_17', 'III_19', 'III_7', 'III_2', 'III_1', 'III_10', 'III_20', 'III_6', 'III_5', 'III_11', 'III_16', 'III_15', 'III_18', 'III_14']","['Noble_9', 'Noble_4', 'Noble_6', 'Noble_7', 'Noble_5']",0,"{'red': 0, 'blue': 3, 'green': 4, 'white': 1, 'black': 2, 'auto_color': 0}","{'red': 0, 'blue': 0, 'green': 0, 'white': 0, 'black': 0}",[],[],[],0,"{'red': 0, 'blue': 2, 'green': 0, 'white': 2, 'black': 0, 'auto_color': 2}","{'red': 0, 'blue': 0, 'green': 0, 'white': 0, 'black': 0}",[],[],"['II_7', 'II_10']",0,"{'red': 3, 'blue': 0, 'green': 1, 'white': 3, 'black': 3, 'auto_color': 0}","{'red': 0, 'blue': 0, 'green': 0, 'white': 0, 'black': 0}",[],[],[],0,"{'red': 1, 'blue': 2, 'green': 1, 'white': 0, 'black': 0, 'auto_color': 0}","{'red': 0, 'blue': 1, 'green': 0, 'white': 0, 'black': 0}",['I_9'],[],[],4
"{'red': 3, 'blue': 2, 'green': 2, 'white': 0, 'black': 4, 'auto_color': 3}","['I_8', 'I_28', 'I_18', 'I_17']","['II_14', 'II_1', 'II_15', 'II_6']","['III_12', 'III_9', 'III_4', 'III_8']","['Noble_3', 'Noble_1', 'Noble_2', 'Noble_10', 'Noble_8']","['I_3', 'I_15', 'I_36', 'I_13', 'I_38', 'I_10', 'I_20', 'I_19', 'I_7', 'I_1', 'I_12', 'I_35', 'I_14', 'I_34', 'I_24', 'I_39', 'I_29', 'I_11', 'I_32', 'I_23', 'I_40', 'I_33', 'I_2', 'I_6', 'I_37', 'I_27', 'I_26', 'I_31', 'I_16', 'I_4', 'I_5', 'I_30', 'I_22']","['II_11', 'II_22', 'II_28', 'II_17', 'II_19', 'II_8', 'II_23', 'II_3', 'II_21', 'II_5', 'II_13', 'II_29', 'II_16', 'II_4', 'II_30', 'II_12', 'II_2', 'II_20', 'II_9', 'II_24', 'II_26', 'II_27', 'II_25', 'II_18']","['III_3', 'III_13', 'III_17', 'III_19', 'III_7', 'III_2', 'III_1', 'III_10', 'III_20', 'III_6', 'III_5', 'III_11', 'III_16', 'III_15', 'III_18', 'III_14']","['Noble_9', 'Noble_4', 'Noble_6', 'Noble_7', 'Noble_5']",0,"{'red': 0, 'blue': 1, 'green': 2, 'white': 1, 'black': 1, 'auto_color': 0}","{'red': 0, 'blue': 0, 'green': 0, 'white': 1, 'black': 0}",['I_25'],[],[],0,"{'red': 0, 'blue': 2, 'green': 1, 'white': 3, 'black': 1, 'auto_color': 2}","{'red': 0, 'blue': 0, 'green': 0, 'white': 0, 'black': 0}",[],[],"['II_7', 'II_10']",0,"{'red': 2, 'blue': 0, 'green': 1, 'white': 2, 'black': 0, 'auto_color': 0}","{'red': 1, 'blue': 0, 'green': 0, 'white': 0, 'black': 0}",['I_21'],[],[],0,"{'red': 2, 'blue': 2, 'green': 1, 'white': 1, 'black': 1, 'auto_color': 0}","{'red': 0, 'blue': 1, 'green': 0, 'white': 0, 'black': 0}",['I_9'],[],[],5
"{'red': 0, 'blue': 0, 'green': 0, 'white': 0, 'black': 2, 'auto_color': 2}","['I_8', 'I_3', 'I_18', 'I_17']","['II_14', 'II_1', 'II_15', 'II_6']","['III_12', 'III_9', 'III_4', 'III_8']","['Noble_3', 'Noble_1', 'Noble_2', 'Noble_10', 'Noble_8']","['I_15', 'I_36', 'I_13', 'I_38', 'I_10', 'I_20', 'I_19', 'I_7', 'I_1', 'I_12', 'I_35', 'I_14', 'I_34', 'I_24', 'I_39', 'I_29', 'I_11', 'I_32', 'I_23', 'I_40', 'I_33', 'I_2', 'I_6', 'I_37', 'I_27', 'I_26', 'I_31', 'I_16', 'I_4', 'I_5', 'I_30', 'I_22']","['II_11', 'II_22', 'II_28', 'II_17', 'II_19', 'II_8', 'II_23', 'II_3', 'II_21', 'II_5', 'II_13', 'II_29', 'II_16', 'II_4', 'II_30', 'II_12', 'II_2', 'II_20', 'II_9', 'II_24', 'II_26', 'II_27', 'II_25', 'II_18']","['III_3', 'III_13', 'III_17', 'III_19', 'III_7', 'III_2', 'III_1', 'III_10', 'III_20', 'III_6', 'III_5', 'III_11', 'III_16', 'III_15', 'III_18', 'III_14']","['Noble_9', 'Noble_4', 'Noble_6', 'Noble_7', 'Noble_5']",0,"{'red': 1, 'blue': 1, 'green': 3, 'white': 1, 'black': 2, 'auto_color': 0}","{'red': 0, 'blue': 0, 'green': 0, 'white': 1, 'black': 0}",['I_25'],[],[],0,"{'red': 0, 'blue': 2, 'green': 1, 'white': 3, 'black': 1, 'auto_color': 3}","{'red': 0, 'blue': 0, 'green': 0, 'white': 0, 'black': 0}",[],[],"['II_7', 'II_10', 'I_28']",0,"{'red': 3, 'blue': 1, 'green': 1, 'white': 2, 'black': 1, 'auto_color': 0}","{'red': 1, 'blue': 0, 'green': 0, 'white': 0, 'black': 0}",['I_21'],[],[],0,"{'red': 3, 'blue': 3, 'green': 2, 'white': 1, 'black': 1, 'auto_color': 0}","{'red': 0, 'blue': 1, 'green': 0, 'white': 0, 'black': 0}",['I_9'],[],[],6
"{'red': 1, 'blue': 3, 'green': 1, 'white': 3, 'black': 3, 'auto_color': 3}","['I_8', 'I_15', 'I_18', 'I_17']","['II_14', 'II_1', 'II_15', 'II_6']","['III_3', 'III_9', 'III_4', 'III_8']","['Noble_3', 'Noble_1', 'Noble_2', 'Noble_10', 'Noble_8']","['I_36', 'I_13', 'I_38', 'I_10', 'I_20', 'I_19', 'I_7', 'I_1', 'I_12', 'I_35', 'I_14', 'I_34', 'I_24', 'I_39', 'I_29', 'I_11', 'I_32', 'I_23', 'I_40', 'I_33', 'I_2', 'I_6', 'I_37', 'I_27', 'I_26', 'I_31', 'I_16', 'I_4', 'I_5', 'I_30', 'I_22']","['II_11', 'II_22', 'II_28', 'II_17', 'II_19', 'II_8', 'II_23', 'II_3', 'II_21', 'II_5', 'II_13', 'II_29', 'II_16', 'II_4', 'II_30', 'II_12', 'II_2', 'II_20', 'II_9', 'II_24', 'II_26', 'II_27', 'II_25', 'II_18']","['III_13', 'III_17', 'III_19', 'III_7', 'III_2', 'III_1', 'III_10', 'III_20', 'III_6', 'III_5', 'III_11', 'III_16', 'III_15', 'III_18', 'III_14']","['Noble_9', 'Noble_4', 'Noble_6', 'Noble_7', 'Noble_5']",0,"{'red': 0, 'blue': 0, 'green': 3, 'white': 1, 'black': 0, 'auto_color': 0}","{'red': 0, 'blue': 0, 'green': 1, 'white': 1, 'black': 0}","['I_25', 'I_3']",[],[],2,"{'red': 0, 'blue': 0, 'green': 1, 'white': 0, 'black': 1, 'auto_color': 0}","{'red': 0, 'blue': 1, 'green': 0, 'white': 0, 'black': 0}",['II_10'],[],"['II_7', 'I_28']",0,"{'red': 3, 'blue': 1, 'green': 1, 'white': 2, 'black': 2, 'auto_color': 0}","{'red': 1, 'blue': 0, 'green': 0, 'white': 0, 'black': 0}",['I_21'],[],[],0,"{'red': 3, 'blue': 3, 'green': 1, 'white': 1, 'black': 1, 'auto_color': 1}","{'red': 0, 'blue': 1, 'green': 0, 'white': 0, 'black': 0}",['I_9'],[],['III_12'],7
"{'red': 3, 'blue': 4, 'green': 1, 'white': 3, 'black': 4, 'auto_color': 3}","['I_13', 'I_15', 'I_18', 'I_17']","['II_14', 'II_1', 'II_15', 'II_6']","['III_13', 'III_9', 'III_4', 'III_8']","['Noble_3', 'Noble_1', 'Noble_2', 'Noble_10', 'Noble_8']","['I_38', 'I_10', 'I_20', 'I_19', 'I_7', 'I_1', 'I_12', 'I_35', 'I_14', 'I_34', 'I_24', 'I_39', 'I_29', 'I_11', 'I_32', 'I_23', 'I_40', 'I_33', 'I_2', 'I_6', 'I_37', 'I_27', 'I_26', 'I_31', 'I_16', 'I_4', 'I_5', 'I_30', 'I_22']","['II_11', 'II_22', 'II_28', 'II_17', 'II_19', 'II_8', 'II_23', 'II_3', 'II_21', 'II_5', 'II_13', 'II_29', 'II_16', 'II_4', 'II_30', 'II_12', 'II_2', 'II_20', 'II_9', 'II_24', 'II_26', 'II_27', 'II_25', 'II_18']","['III_17', 'III_19', 'III_7', 'III_2', 'III_1', 'III_10', 'III_20', 'III_6', 'III_5', 'III_11', 'III_16', 'III_15', 'III_18', 'III_14']","['Noble_9', 'Noble_4', 'Noble_6', 'Noble_7', 'Noble_5']",0,"{'red': 0, 'blue': 1, 'green': 3, 'white': 2, 'black': 1, 'auto_color': 0}","{'red': 0, 'blue': 0, 'green': 1, 'white': 1, 'black': 0}","['I_25', 'I_3']",[],[],2,"{'red': 0, 'blue': 0, 'green': 1, 'white': 0, 'black': 1, 'auto_color': 1}","{'red': 0, 'blue': 1, 'green': 0, 'white': 0, 'black': 0}",['II_10'],[],"['II_7', 'I_28', 'III_3']",0,"{'red': 2, 'blue': 0, 'green': 1, 'white': 2, 'black': 0, 'auto_color': 0}","{'red': 1, 'blue': 0, 'green': 1, 'white': 0, 'black': 0}","['I_21', 'I_8']",[],[],0,"{'red': 2, 'blue': 2, 'green': 1, 'white': 0, 'black': 1, 'auto_color': 0}","{'red': 0, 'blue': 1, 'green': 0, 'white': 0, 'black': 1}","['I_9', 'I_36']",[],['III_12'],8
"{'red': 2, 'blue': 1, 'green': 0, 'white': 3, 'black': 2, 'auto_color': 3}","['I_13', 'I_15', 'I_38', 'I_17']","['II_14', 'II_1', 'II_15', 'II_6']","['III_13', 'III_9', 'III_4', 'III_8']","['Noble_3', 'Noble_1', 'Noble_2', 'Noble_10', 'Noble_8']","['I_10', 'I_20', 'I_19', 'I_7', 'I_1', 'I_12', 'I_35', 'I_14', 'I_34', 'I_24', 'I_39', 'I_29', 'I_11', 'I_32', 'I_23', 'I_40', 'I_33', 'I_2', 'I_6', 'I_37', 'I_27', 'I_26', 'I_31', 'I_16', 'I_4', 'I_5', 'I_30', 'I_22']","['II_11', 'II_22', 'II_28', 'II_17', 'II_19', 'II_8', 'II_23', 'II_3', 'II_21', 'II_5', 'II_13', 'II_29', 'II_16', 'II_4', 'II_30', 'II_12', 'II_2', 'II_20', 'II_9', 'II_24', 'II_26', 'II_27', 'II_25', 'II_18']","['III_17', 'III_19', 'III_7', 'III_2', 'III_1', 'III_10', 'III_20', 'III_6', 'III_5', 'III_11', 'III_16', 'III_15', 'III_18', 'III_14']","['Noble_9', 'Noble_4', 'Noble_6', 'Noble_7', 'Noble_5']",0,"{'red': 0, 'blue': 1, 'green': 3, 'white': 0, 'black': 1, 'auto_color': 0}","{'red': 1, 'blue': 0, 'green': 1, 'white': 1, 'black': 0}","['I_25', 'I_3', 'I_18']",[],[],2,"{'red': 0, 'blue': 1, 'green': 2, 'white': 0, 'black': 2, 'auto_color': 1}","{'red': 0, 'blue': 1, 'green': 0, 'white': 0, 'black': 0}",['II_10'],[],"['II_7', 'I_28', 'III_3']",0,"{'red': 2, 'blue': 1, 'green': 1, 'white': 3, 'black': 1, 'auto_color': 0}","{'red': 1, 'blue': 0, 'green': 1, 'white': 0, 'black': 0}","['I_21', 'I_8']",[],[],0,"{'red': 3, 'blue': 3, 'green': 1, 'white': 1, 'black': 1, 'auto_color': 0}","{'red': 0, 'blue': 1, 'green': 0, 'white': 0, 'black': 1}","['I_9', 'I_36']",[],['III_12'],9
"{'red': 2, 'blue': 1, 'green': 2, 'white': 5, 'black': 1, 'auto_color': 2}","['I_20', 'I_15', 'I_10', 'I_17']","['II_14', 'II_1', 'II_15', 'II_6']","['III_17', 'III_9', 'III_4', 'III_8']","['Noble_3', 'Noble_1', 'Noble_2', 'Noble_10', 'Noble_8']","['I_19', 'I_7', 'I_1', 'I_12', 'I_35', 'I_14', 'I_34', 'I_24', 'I_39', 'I_29', 'I_11', 'I_32', 'I_23', 'I_40', 'I_33', 'I_2', 'I_6', 'I_37', 'I_27', 'I_26', 'I_31', 'I_16', 'I_4', 'I_5', 'I_30', 'I_22']","['II_11', 'II_22', 'II_28', 'II_17', 'II_19', 'II_8', 'II_23', 'II_3', 'II_21', 'II_5', 'II_13', 'II_29', 'II_16', 'II_4', 'II_30', 'II_12', 'II_2', 'II_20', 'II_9', 'II_24', 'II_26', 'II_27', 'II_25', 'II_18']","['III_19', 'III_7', 'III_2', 'III_1', 'III_10', 'III_20', 'III_6', 'III_5', 'III_11', 'III_16', 'III_15', 'III_18', 'III_14']","['Noble_9', 'Noble_4', 'Noble_6', 'Noble_7', 'Noble_5']",0,"{'red': 0, 'blue': 0, 'green': 1, 'white': 0, 'black': 1, 'auto_color': 0}","{'red': 1, 'blue': 1, 'green': 1, 'white': 1, 'black': 0}","['I_25', 'I_3', 'I_18', 'I_13']",[],[],2,"{'red': 0, 'blue': 2, 'green': 3, 'white': 0, 'black': 3, 'auto_color': 1}","{'red': 0, 'blue': 1, 'green': 0, 'white': 0, 'black': 0}",['II_10'],[],"['II_7', 'I_28', 'III_3']",0,"{'red': 2, 'blue': 1, 'green': 0, 'white': 1, 'black': 1, 'auto_color': 0}","{'red': 1, 'blue': 0, 'green': 1, 'white': 0, 'black': 1}","['I_21', 'I_8', 'I_38']",[],[],0,"{'red': 3, 'blue': 3, 'green': 1, 'white': 1, 'black': 1, 'auto_color': 1}","{'red': 0, 'blue': 1, 'green': 0, 'white': 0, 'black': 1}","['I_9', 'I_36']",[],"['III_12', 'III_13']",10
"{'red': 0, 'blue': 0, 'green': 5, 'white': 3, 'black': 1, 'auto_color': 4}","['I_20', 'I_19', 'I_10', 'I_17']","['II_14', 'II_1', 'II_15', 'II_6']","['III_17', 'III_9', 'III_4', 'III_8']","['Noble_3', 'Noble_1', 'Noble_2', 'Noble_10', 'Noble_8']","['I_7', 'I_1', 'I_12', 'I_35', 'I_14', 'I_34', 'I_24', 'I_39', 'I_29', 'I_11', 'I_32', 'I_23', 'I_40', 'I_33', 'I_2', 'I_6', 'I_37', 'I_27', 'I_26', 'I_31', 'I_16', 'I_4', 'I_5', 'I_30', 'I_22']","['II_11', 'II_22', 'II_28', 'II_17', 'II_19', 'II_8', 'II_23', 'II_3', 'II_21', 'II_5', 'II_13', 'II_29', 'II_16', 'II_4', 'II_30', 'II_12', 'II_2', 'II_20', 'II_9', 'II_24', 'II_26', 'II_27', 'II_25', 'II_18']","['III_19', 'III_7', 'III_2', 'III_1', 'III_10', 'III_20', 'III_6', 'III_5', 'III_11', 'III_16', 'III_15', 'III_18', 'III_14']","['Noble_9', 'Noble_4', 'Noble_6', 'Noble_7', 'Noble_5']",0,"{'red': 1, 'blue': 0, 'green': 1, 'white': 1, 'black': 2, 'auto_color': 0}","{'red': 1, 'blue': 1, 'green': 1, 'white': 1, 'black': 0}","['I_25', 'I_3', 'I_18', 'I_13']",[],[],3,"{'red': 0, 'blue': 2, 'green': 0, 'white': 0, 'black': 3, 'auto_color': 0}","{'red': 0, 'blue': 1, 'green': 0, 'white': 1, 'black': 0}","['II_10', 'I_28']",[],"['II_7', 'III_3']",0,"{'red': 3, 'blue': 2, 'green': 0, 'white': 2, 'black': 1, 'auto_color': 0}","{'red': 1, 'blue': 0, 'green': 1, 'white': 0, 'black': 1}","['I_21', 'I_8', 'I_38']",[],[],0,"{'red': 3, 'blue': 3, 'green': 1, 'white': 1, 'black': 0, 'auto_color': 0}","{'red': 0, 'blue': 2, 'green': 0, 'white': 0, 'black': 1}","['I_9', 'I_36', 'I_15']",[],"['III_12', 'III_13']",11
"{'red': 3, 'blue': 0, 'green': 5, 'white': 5, 'black': 3, 'auto_color': 3}","['I_35', 'I_19', 'I_10', 'I_17']","['II_14', 'II_1', 'II_15', 'II_6']","['III_17', 'III_9', 'III_4', 'III_8']","['Noble_3', 'Noble_1', 'Noble_2', 'Noble_10', 'Noble_8']","['I_14', 'I_34', 'I_24', 'I_39', 'I_29', 'I_11', 'I_32', 'I_23', 'I_40', 'I_33', 'I_2', 'I_6', 'I_37', 'I_27', 'I_26', 'I_31', 'I_16', 'I_4', 'I_5', 'I_30', 'I_22']","['II_11', 'II_22', 'II_28', 'II_17', 'II_19', 'II_8', 'II_23', 'II_3', 'II_21', 'II_5', 'II_13', 'II_29', 'II_16', 'II_4', 'II_30', 'II_12', 'II_2', 'II_20', 'II_9', 'II_24', 'II_26', 'II_27', 'II_25', 'II_18']","['III_19', 'III_7', 'III_2', 'III_1', 'III_10', 'III_20', 'III_6', 'III_5', 'III_11', 'III_16', 'III_15', 'III_18', 'III_14']","['Noble_9', 'Noble_4', 'Noble_6', 'Noble_7', 'Noble_5']",0,"{'red': 0, 'blue': 0, 'green': 1, 'white': 1, 'black': 1, 'auto_color': 0}","{'red': 1, 'blue': 2, 'green': 1, 'white': 1, 'black': 0}","['I_25', 'I_3', 'I_18', 'I_13', 'I_12']",[],[],3,"{'red': 0, 'blue': 2, 'green': 0, 'white': 0, 'black': 3, 'auto_color': 1}","{'red': 0, 'blue': 1, 'green': 0, 'white': 1, 'black': 0}","['II_10', 'I_28']",[],"['II_7', 'III_3', 'I_7']",0,"{'red': 3, 'blue': 2, 'green': 0, 'white': 0, 'black': 0, 'auto_color': 0}","{'red': 2, 'blue': 0, 'green': 1, 'white': 0, 'black': 1}","['I_21', 'I_8', 'I_38', 'I_20']",[],[],0,"{'red': 1, 'blue': 3, 'green': 1, 'white': 1, 'black': 0, 'auto_color': 0}","{'red': 0, 'blue': 2, 'green': 1, 'white': 0, 'black': 1}","['I_9', 'I_36', 'I_15', 'I_1']",[],"['III_12', 'III_13']",12
"{'red': 3, 'blue': 2, 'green': 4, 'white': 5, 'black': 6, 'auto_color': 4}","['I_14', 'I_34', 'I_10', 'I_17']","['II_14', 'II_1', 'II_15', 'II_6']","['III_17', 'III_9', 'III_4', 'III_8']","['Noble_3', 'Noble_1', 'Noble_2', 'Noble_10', 'Noble_8']","['I_24', 'I_39', 'I_29', 'I_11', 'I_32', 'I_23', 'I_40', 'I_33', 'I_2', 'I_6', 'I_37', 'I_27', 'I_26', 'I_31', 'I_16', 'I_4', 'I_5', 'I_30', 'I_22']","['II_11', 'II_22', 'II_28', 'II_17', 'II_19', 'II_8', 'II_23', 'II_3', 'II_21', 'II_5', 'II_13', 'II_29', 'II_16', 'II_4', 'II_30', 'II_12', 'II_2', 'II_20', 'II_9', 'II_24', 'II_26', 'II_27', 'II_25', 'II_18']","['III_19', 'III_7', 'III_2', 'III_1', 'III_10', 'III_20', 'III_6', 'III_5', 'III_11', 'III_16', 'III_15', 'III_18', 'III_14']","['Noble_9', 'Noble_4', 'Noble_6', 'Noble_7', 'Noble_5']",0,"{'red': 0, 'blue': 0, 'green': 1, 'white': 0, 'black': 0, 'auto_color': 0}","{'red': 2, 'blue': 2, 'green': 1, 'white': 1, 'black': 0}","['I_25', 'I_3', 'I_18', 'I_13', 'I_12', 'I_19']",[],[],4,"{'red': 0, 'blue': 2, 'green': 0, 'white': 0, 'black': 0, 'auto_color': 0}","{'red': 0, 'blue': 1, 'green': 1, 'white': 1, 'black': 0}","['II_10', 'I_28', 'I_7']",[],"['II_7', 'III_3']",0,"{'red': 3, 'blue': 2, 'green': 1, 'white': 1, 'black': 1, 'auto_color': 0}","{'red': 2, 'blue': 0, 'green': 1, 'white': 0, 'black': 1}","['I_21', 'I_8', 'I_38', 'I_20']",[],[],1,"{'red': 1, 'blue': 1, 'green': 1, 'white': 1, 'black': 0, 'auto_color': 0}","{'red': 0, 'blue': 2, 'green': 1, 'white': 0, 'black': 2}","['I_9', 'I_36', 'I_15', 'I_1', 'I_35']",[],"['III_12', 'III_13']",13
"{'red': 3, 'blue': 2, 'green': 2, 'white': 6, 'black': 7, 'auto_color': 4}","['I_39', 'I_29', 'I_10', 'I_17']","['II_14', 'II_1', 'II_15', 'II_6']","['III_17', 'III_9', 'III_4', 'III_8']","['Noble_3', 'Noble_1', 'Noble_2', 'Noble_10', 'Noble_8']","['I_11', 'I_32', 'I_23', 'I_40', 'I_33', 'I_2', 'I_6', 'I_37', 'I_27', 'I_26', 'I_31', 'I_16', 'I_4', 'I_5', 'I_30', 'I_22']","['II_11', 'II_22', 'II_28', 'II_17', 'II_19', 'II_8', 'II_23', 'II_3', 'II_21', 'II_5', 'II_13', 'II_29', 'II_16', 'II_4', 'II_30', 'II_12', 'II_2', 'II_20', 'II_9', 'II_24', 'II_26', 'II_27', 'II_25', 'II_18']","['III_19', 'III_7', 'III_2', 'III_1', 'III_10', 'III_20', 'III_6', 'III_5', 'III_11', 'III_16', 'III_15', 'III_18', 'III_14']","['Noble_9', 'Noble_4', 'Noble_6', 'Noble_7', 'Noble_5']",0,"{'red': 0, 'blue': 0, 'green': 1, 'white': 0, 'black': 0, 'auto_color': 0}","{'red': 2, 'blue': 2, 'green': 1, 'white': 1, 'black': 1}","['I_25', 'I_3', 'I_18', 'I_13', 'I_12', 'I_19', 'I_34']",[],[],4,"{'red': 0, 'blue': 2, 'green': 2, 'white': 0, 'black': 0, 'auto_color': 0}","{'red': 0, 'blue': 1, 'green': 1, 'white': 1, 'black': 0}","['II_10', 'I_28', 'I_7']",[],"['II_7', 'III_3']",0,"{'red': 3, 'blue': 2, 'green': 1, 'white': 0, 'black': 0, 'auto_color': 0}","{'red': 2, 'blue': 1, 'green': 1, 'white': 0, 'black': 1}","['I_21', 'I_8', 'I_38', 'I_20', 'I_14']",[],[],1,"{'red': 1, 'blue': 1, 'green': 1, 'white': 1, 'black': 0, 'auto_color': 0}","{'red': 1, 'blue': 2, 'green': 1, 'white': 0, 'black': 2}","['I_9', 'I_36', 'I_15', 'I_1', 'I_35', 'I_24']",[],"['III_12', 'III_13']",14
"{'red': 3, 'blue': 1, 'green': 2, 'white': 5, 'black': 5, 'auto_color': 4}","['I_32', 'I_29', 'I_10', 'I_17']","['II_14', 'II_1', 'II_15', 'II_6']","['III_17', 'III_9', 'III_4', 'III_8']","['Noble_3', 'Noble_1', 'Noble_2', 'Noble_10', 'Noble_8']","['I_23', 'I_40', 'I_33', 'I_2', 'I_6', 'I_37', 'I_27', 'I_26', 'I_31', 'I_16', 'I_4', 'I_5', 'I_30', 'I_22']","['II_11', 'II_22', 'II_28', 'II_17', 'II_19', 'II_8', 'II_23', 'II_3', 'II_21', 'II_5', 'II_13', 'II_29', 'II_16', 'II_4', 'II_30', 'II_12', 'II_2', 'II_20', 'II_9', 'II_24', 'II_26', 'II_27', 'II_25', 'II_18']","['III_19', 'III_7', 'III_2', 'III_1', 'III_10', 'III_20', 'III_6', 'III_5', 'III_11', 'III_16', 'III_15', 'III_18', 'III_14']","['Noble_9', 'Noble_4', 'Noble_6', 'Noble_7', 'Noble_5']",0,"{'red': 1, 'blue': 0, 'green': 1, 'white': 1, 'black': 1, 'auto_color': 0}","{'red': 2, 'blue': 2, 'green': 1, 'white': 1, 'black': 1}","['I_25', 'I_3', 'I_18', 'I_13', 'I_12', 'I_19', 'I_34']",[],[],4,"{'red': 0, 'blue': 3, 'green': 2, 'white': 1, 'black': 1, 'auto_color': 0}","{'red': 0, 'blue': 1, 'green': 1, 'white': 1, 'black': 0}","['II_10', 'I_28', 'I_7']",[],"['II_7', 'III_3']",0,"{'red': 2, 'blue': 2, 'green': 1, 'white': 0, 'black': 0, 'auto_color': 0}","{'red': 2, 'blue': 1, 'green': 1, 'white': 0, 'black': 2}","['I_21', 'I_8', 'I_38', 'I_20', 'I_14', 'I_39']",[],[],1,"{'red': 1, 'blue': 1, 'green': 1, 'white': 0, 'black': 0, 'auto_color': 0}","{'red': 1, 'blue': 3, 'green': 1, 'white': 0, 'black': 2}","['I_9', 'I_36', 'I_15', 'I_1', 'I_35', 'I_24', 'I_11']",[],"['III_12', 'III_13']",15
"{'red': 3, 'blue': 2, 'green': 3, 'white': 4, 'black': 5, 'auto_color': 4}","['I_23', 'I_40', 'I_33', 'I_17']","['II_14', 'II_1', 'II_15', 'II_6']","['III_17', 'III_9', 'III_4', 'III_8']","['Noble_3', 'Noble_1', 'Noble_2', 'Noble_10', 'Noble_8']","['I_2', 'I_6', 'I_37', 'I_27', 'I_26', 'I_31', 'I_16', 'I_4', 'I_5', 'I_30', 'I_22']","['II_11', 'II_22', 'II_28', 'II_17', 'II_19', 'II_8', 'II_23', 'II_3', 'II_21', 'II_5', 'II_13', 'II_29', 'II_16', 'II_4', 'II_30', 'II_12', 'II_2', 'II_20', 'II_9', 'II_24', 'II_26', 'II_27', 'II_25', 'II_18']","['III_19', 'III_7', 'III_2', 'III_1', 'III_10', 'III_20', 'III_6', 'III_5', 'III_11', 'III_16', 'III_15', 'III_18', 'III_14']","['Noble_9', 'Noble_4', 'Noble_6', 'Noble_7', 'Noble_5']",0,"{'red': 1, 'blue': 0, 'green': 0, 'white': 1, 'black': 0, 'auto_color': 0}","{'red': 2, 'blue': 3, 'green': 1, 'white': 1, 'black': 1}","['I_25', 'I_3', 'I_18', 'I_13', 'I_12', 'I_19', 'I_34', 'I_10']",[],[],4,"{'red': 0, 'blue': 4, 'green': 2, 'white': 2, 'black': 2, 'auto_color': 0}","{'red': 0, 'blue': 1, 'green': 1, 'white': 1, 'black': 0}","['II_10', 'I_28', 'I_7']",[],"['II_7', 'III_3']",0,"{'red': 2, 'blue': 0, 'green': 1, 'white': 0, 'black': 0, 'auto_color': 0}","{'red': 2, 'blue': 1, 'green': 1, 'white': 1, 'black': 2}","['I_21', 'I_8', 'I_38', 'I_20', 'I_14', 'I_39', 'I_32']",[],[],1,"{'red': 1, 'blue': 1, 'green': 1, 'white': 0, 'black': 0, 'auto_color': 0}","{'red': 1, 'blue': 3, 'green': 1, 'white': 1, 'black': 2}","['I_9', 'I_36', 'I_15', 'I_1', 'I_35', 'I_24', 'I_11', 'I_29']",[],"['III_12', 'III_13']",16
"{'red': 3, 'blue': 4, 'green': 4, 'white': 5, 'black': 7, 'auto_color': 4}","['I_2', 'I_37', 'I_6', 'I_17']","['II_14', 'II_11', 'II_15', 'II_6']","['III_17', 'III_9', 'III_4', 'III_8']","['Noble_3', 'Noble_1', 'Noble_2', 'Noble_10', 'Noble_8']","['I_27', 'I_26', 'I_31', 'I_16', 'I_4', 'I_5', 'I_30', 'I_22']","['II_22', 'II_28', 'II_17', 'II_19', 'II_8', 'II_23', 'II_3', 'II_21', 'II_5', 'II_13', 'II_29', 'II_16', 'II_4', 'II_30', 'II_12', 'II_2', 'II_20', 'II_9', 'II_24', 'II_26', 'II_27', 'II_25', 'II_18']","['III_19', 'III_7', 'III_2', 'III_1', 'III_10', 'III_20', 'III_6', 'III_5', 'III_11', 'III_16', 'III_15', 'III_18', 'III_14']","['Noble_9', 'Noble_4', 'Noble_6', 'Noble_7', 'Noble_5']",0,"{'red': 1, 'blue': 0, 'green': 0, 'white': 1, 'black': 0, 'auto_color': 0}","{'red': 2, 'blue': 3, 'green': 1, 'white': 1, 'black': 2}","['I_25', 'I_3', 'I_18', 'I_13', 'I_12', 'I_19', 'I_34', 'I_10', 'I_40']",[],[],5,"{'red': 0, 'blue': 2, 'green': 2, 'white': 1, 'black': 0, 'auto_color': 0}","{'red': 0, 'blue': 1, 'green': 2, 'white': 1, 'black': 0}","['II_10', 'I_28', 'I_7', 'II_1']",[],"['II_7', 'III_3']",0,"{'red': 2, 'blue': 0, 'green': 1, 'white': 0, 'black': 0, 'auto_color': 0}","{'red': 3, 'blue': 1, 'green': 1, 'white': 1, 'black': 2}","['I_21', 'I_8', 'I_38', 'I_20', 'I_14', 'I_39', 'I_32', 'I_23']",[],[],1,"{'red': 1, 'blue': 1, 'green': 0, 'white': 0, 'black': 0, 'auto_color': 0}","{'red': 1, 'blue': 3, 'green': 1, 'white': 1, 'black': 3}","['I_9', 'I_36', 'I_15', 'I_1', 'I_35', 'I_24', 'I_11', 'I_29', 'I_33']",[],"['III_12', 'III_13']",17
"{'red': 3, 'blue': 1, 'green': 4, 'white': 4, 'black': 6, 'auto_color': 4}","['I_27', 'I_37', 'I_26', 'I_17']","['II_14', 'II_11', 'II_15', 'II_6']","['III_17', 'III_9', 'III_4', 'III_8']","['Noble_3', 'Noble_1', 'Noble_2', 'Noble_10', 'Noble_8']","['I_31', 'I_16', 'I_4', 'I_5', 'I_30', 'I_22']","['II_22', 'II_28', 'II_17', 'II_19', 'II_8', 'II_23', 'II_3', 'II_21', 'II_5', 'II_13', 'II_29', 'II_16', 'II_4', 'II_30', 'II_12', 'II_2', 'II_20', 'II_9', 'II_24', 'II_26', 'II_27', 'II_25', 'II_18']","['III_19', 'III_7', 'III_2', 'III_1', 'III_10', 'III_20', 'III_6', 'III_5', 'III_11', 'III_16', 'III_15', 'III_18', 'III_14']","['Noble_9', 'Noble_4', 'Noble_6', 'Noble_7', 'Noble_5']",0,"{'red': 1, 'blue': 1, 'green': 0, 'white': 2, 'black': 1, 'auto_color': 0}","{'red': 2, 'blue': 3, 'green': 1, 'white': 1, 'black': 2}","['I_25', 'I_3', 'I_18', 'I_13', 'I_12', 'I_19', 'I_34', 'I_10', 'I_40']",[],[],5,"{'red': 0, 'blue': 4, 'green': 2, 'white': 1, 'black': 0, 'auto_color': 0}","{'red': 0, 'blue': 1, 'green': 2, 'white': 1, 'black': 0}","['II_10', 'I_28', 'I_7', 'II_1']",[],"['II_7', 'III_3']",0,"{'red': 2, 'blue': 0, 'green': 1, 'white': 0, 'black': 0, 'auto_color': 0}","{'red': 3, 'blue': 1, 'green': 2, 'white': 1, 'black': 2}","['I_21', 'I_8', 'I_38', 'I_20', 'I_14', 'I_39', 'I_32', 'I_23', 'I_2']",[],[],1,"{'red': 1, 'blue': 1, 'green': 0, 'white': 0, 'black': 0, 'auto_color': 0}","{'red': 1, 'blue': 3, 'green': 2, 'white': 1, 'black': 3}","['I_9', 'I_36', 'I_15', 'I_1', 'I_35', 'I_24', 'I_11', 'I_29', 'I_33', 'I_6']",[],"['III_12', 'III_13']",18
"{'red': 3, 'blue': 0, 'green': 5, 'white': 5, 'black': 5, 'auto_color': 4}","['I_4', 'I_16', 'I_26', 'I_17']","['II_14', 'II_11', 'II_15', 'II_6']","['III_17', 'III_9', 'III_4', 'III_8']","['Noble_3', 'Noble_1', 'Noble_2', 'Noble_10', 'Noble_8']","['I_5', 'I_30', 'I_22']","['II_22', 'II_28', 'II_17', 'II_19', 'II_8', 'II_23', 'II_3', 'II_21', 'II_5', 'II_13', 'II_29', 'II_16', 'II_4', 'II_30', 'II_12', 'II_2', 'II_20', 'II_9', 'II_24', 'II_26', 'II_27', 'II_25', 'II_18']","['III_19', 'III_7', 'III_2', 'III_1', 'III_10', 'III_20', 'III_6', 'III_5', 'III_11', 'III_16', 'III_15', 'III_18', 'III_14']","['Noble_9', 'Noble_4', 'Noble_6', 'Noble_7', 'Noble_5']",0,"{'red': 1, 'blue': 1, 'green': 0, 'white': 0, 'black': 1, 'auto_color': 0}","{'red': 2, 'blue': 3, 'green': 1, 'white': 2, 'black': 2}","['I_25', 'I_3', 'I_18', 'I_13', 'I_12', 'I_19', 'I_34', 'I_10', 'I_40', 'I_27']",[],[],5,"{'red': 0, 'blue': 5, 'green': 2, 'white': 2, 'black': 1, 'auto_color': 0}","{'red': 0, 'blue': 1, 'green': 2, 'white': 1, 'black': 0}","['II_10', 'I_28', 'I_7', 'II_1']",[],"['II_7', 'III_3']",0,"{'red': 2, 'blue': 0, 'green': 0, 'white': 0, 'black': 0, 'auto_color': 0}","{'red': 3, 'blue': 1, 'green': 2, 'white': 1, 'black': 3}","['I_21', 'I_8', 'I_38', 'I_20', 'I_14', 'I_39', 'I_32', 'I_23', 'I_2', 'I_37']",[],[],1,"{'red': 1, 'blue': 1, 'green': 0, 'white': 0, 'black': 0, 'auto_color': 0}","{'red': 1, 'blue': 3, 'green': 2, 'white': 2, 'black': 3}","['I_9', 'I_36', 'I_15', 'I_1', 'I_35', 'I_24', 'I_11', 'I_29', 'I_33', 'I_6', 'I_31']",[],"['III_12', 'III_13']",19
"{'red': 4, 'blue': 5, 'green': 5, 'white': 5, 'black': 5, 'auto_color': 4}","['I_30', 'I_22', 'I_26', 'I_17']","['II_14', 'II_11', 'II_15', 'II_6']","['III_17', 'III_9', 'III_4', 'III_8']","['Noble_3', 'Noble_1', 'Noble_2', 'Noble_10', 'Noble_8']",[],"['II_22', 'II_28', 'II_17', 'II_19', 'II_8', 'II_23', 'II_3', 'II_21', 'II_5', 'II_13', 'II_29', 'II_16', 'II_4', 'II_30', 'II_12', 'II_2', 'II_20', 'II_9', 'II_24', 'II_26', 'II_27', 'II_25', 'II_18']","['III_19', 'III_7', 'III_2', 'III_1', 'III_10', 'III_20', 'III_6', 'III_5', 'III_11', 'III_16', 'III_15', 'III_18', 'III_14']","['Noble_9', 'Noble_4', 'Noble_6', 'Noble_7', 'Noble_5']",0,"{'red': 1, 'blue': 1, 'green': 0, 'white': 0, 'black': 1, 'auto_color': 0}","{'red': 2, 'blue': 3, 'green': 2, 'white': 2, 'black': 2}","['I_25', 'I_3', 'I_18', 'I_13', 'I_12', 'I_19', 'I_34', 'I_10', 'I_40', 'I_27', 'I_5']",[],[],8,"{'red': 0, 'blue': 0, 'green': 2, 'white': 2, 'black': 1, 'auto_color': 0}","{'red': 0, 'blue': 2, 'green': 2, 'white': 1, 'black': 0}","['II_10', 'I_28', 'I_7', 'II_1', 'II_7']",[],['III_3'],1,"{'red': 1, 'blue': 0, 'green': 0, 'white': 0, 'black': 0, 'auto_color': 0}","{'red': 3, 'blue': 2, 'green': 2, 'white': 1, 'black': 3}","['I_21', 'I_8', 'I_38', 'I_20', 'I_14', 'I_39', 'I_32', 'I_23', 'I_2', 'I_37', 'I_16']",[],[],1,"{'red': 1, 'blue': 1, 'green': 0, 'white': 0, 'black': 0, 'auto_color': 0}","{'red': 1, 'blue': 3, 'green': 3, 'white': 2, 'black': 3}","['I_9', 'I_36', 'I_15', 'I_1', 'I_35', 'I_24', 'I_11', 'I_29', 'I_33', 'I_6', 'I_31', 'I_4']",[],"['III_12', 'III_13']",20
"{'red': 5, 'blue': 3, 'green': 5, 'white': 5, 'black': 5, 'auto_color': 4}",['I_17'],"['II_14', 'II_11', 'II_15', 'II_6']","['III_17', 'III_9', 'III_4', 'III_8']","['Noble_3', 'Noble_1', 'Noble_2', 'Noble_10', 'Noble_8']",[],"['II_22', 'II_28', 'II_17', 'II_19', 'II_8', 'II_23', 'II_3', 'II_21', 'II_5', 'II_13', 'II_29', 'II_16', 'II_4', 'II_30', 'II_12', 'II_2', 'II_20', 'II_9', 'II_24', 'II_26', 'II_27', 'II_25', 'II_18']","['III_19', 'III_7', 'III_2', 'III_1', 'III_10', 'III_20', 'III_6', 'III_5', 'III_11', 'III_16', 'III_15', 'III_18', 'III_14']","['Noble_9', 'Noble_4', 'Noble_6', 'Noble_7', 'Noble_5']",0,"{'red': 1, 'blue': 1, 'green': 0, 'white': 0, 'black': 1, 'auto_color': 0}","{'red': 2, 'blue': 3, 'green': 2, 'white': 3, 'black': 2}","['I_25', 'I_3', 'I_18', 'I_13', 'I_12', 'I_19', 'I_34', 'I_10', 'I_40', 'I_27', 'I_5', 'I_26']",[],[],8,"{'red': 0, 'blue': 2, 'green': 2, 'white': 2, 'black': 1, 'auto_color': 0}","{'red': 0, 'blue': 2, 'green': 2, 'white': 1, 'black': 0}","['II_10', 'I_28', 'I_7', 'II_1', 'II_7']",[],['III_3'],1,"{'red': 1, 'blue': 0, 'green': 0, 'white': 0, 'black': 0, 'auto_color': 0}","{'red': 3, 'blue': 2, 'green': 2, 'white': 2, 'black': 3}","['I_21', 'I_8', 'I_38', 'I_20', 'I_14', 'I_39', 'I_32', 'I_23', 'I_2', 'I_37', 'I_16', 'I_30']",[],[],1,"{'red': 0, 'blue': 1, 'green': 0, 'white': 0, 'black': 0, 'auto_color': 0}","{'red': 2, 'blue': 3, 'green': 3, 'white': 2, 'black': 3}","['I_9', 'I_36', 'I_15', 'I_1', 'I_35', 'I_24', 'I_11', 'I_29', 'I_33', 'I_6', 'I_31', 'I_4', 'I_22']",[],"['III_12', 'III_13']",21
"{'red': 5, 'blue': 3, 'green': 2, 'white': 4, 'black': 5, 'auto_color': 4}",['I_17'],"['II_14', 'II_28', 'II_15', 'II_6']","['III_17', 'III_9', 'III_4', 'III_8']","['Noble_3', 'Noble_1', 'Noble_2', 'Noble_10', 'Noble_8']",[],"['II_17', 'II_19', 'II_8', 'II_23', 'II_3', 'II_21', 'II_5', 'II_13', 'II_29', 'II_16', 'II_4', 'II_30', 'II_12', 'II_2', 'II_20', 'II_9', 'II_24', 'II_26', 'II_27', 'II_25', 'II_18']","['III_19', 'III_7', 'III_2', 'III_1', 'III_10', 'III_20', 'III_6', 'III_5', 'III_11', 'III_16', 'III_15', 'III_18', 'III_14']","['Noble_9', 'Noble_4', 'Noble_6', 'Noble_7', 'Noble_5']",1,"{'red': 0, 'blue': 1, 'green': 0, 'white': 0, 'black': 1, 'auto_color': 0}","{'red': 2, 'blue': 3, 'green': 2, 'white': 4, 'black': 2}","['I_25', 'I_3', 'I_18', 'I_13', 'I_12', 'I_19', 'I_34', 'I_10', 'I_40', 'I_27', 'I_5', 'I_26', 'II_22']",[],[],8,"{'red': 0, 'blue': 2, 'green': 4, 'white': 2, 'black': 1, 'auto_color': 0}","{'red': 0, 'blue': 2, 'green': 2, 'white': 1, 'black': 0}","['II_10', 'I_28', 'I_7', 'II_1', 'II_7']",[],['III_3'],1,"{'red': 2, 'blue': 0, 'green': 1, 'white': 1, 'black': 0, 'auto_color': 0}","{'red': 3, 'blue': 2, 'green': 2, 'white': 2, 'black': 3}","['I_21', 'I_8', 'I_38', 'I_20', 'I_14', 'I_39', 'I_32', 'I_23', 'I_2', 'I_37', 'I_16', 'I_30']",[],[],2,"{'red': 0, 'blue': 1, 'green': 0, 'white': 0, 'black': 0, 'auto_color': 0}","{'red': 2, 'blue': 4, 'green': 3, 'white': 2, 'black': 3}","['I_9', 'I_36', 'I_15', 'I_1', 'I_35', 'I_24', 'I_11', 'I_29', 'I_33', 'I_6', 'I_31', 'I_4', 'I_22', 'II_11']",[],"['III_12', 'III_13']",22
"{'red': 4, 'blue': 3, 'green': 2, 'white': 3, 'black': 4, 'auto_color': 3}",[],"['II_14', 'II_28', 'II_15', 'II_19']","['III_17', 'III_9', 'III_4', 'III_8']","['Noble_1', 'Noble_10', 'Noble_8']",[],"['II_8', 'II_23', 'II_3', 'II_21', 'II_5', 'II_13', 'II_29', 'II_16', 'II_4', 'II_30', 'II_12', 'II_2', 'II_20', 'II_9', 'II_24', 'II_26', 'II_27', 'II_25', 'II_18']","['III_19', 'III_7', 'III_2', 'III_1', 'III_10', 'III_20', 'III_6', 'III_5', 'III_11', 'III_16', 'III_15', 'III_18', 'III_14']","['Noble_9', 'Noble_4', 'Noble_6', 'Noble_7', 'Noble_5']",2,"{'red': 0, 'blue': 1, 'green': 0, 'white': 0, 'black': 1, 'auto_color': 0}","{'red': 3, 'blue': 3, 'green': 2, 'white': 4, 'black': 2}","['I_25', 'I_3', 'I_18', 'I_13', 'I_12', 'I_19', 'I_34', 'I_10', 'I_40', 'I_27', 'I_5', 'I_26', 'II_22', 'I_17']",[],[],8,"{'red': 0, 'blue': 2, 'green': 4, 'white': 2, 'black': 1, 'auto_color': 1}","{'red': 0, 'blue': 2, 'green': 2, 'white': 1, 'black': 0}","['II_10', 'I_28', 'I_7', 'II_1', 'II_7']",[],"['III_3', 'II_6']",1,"{'red': 3, 'blue': 0, 'green': 1, 'white': 2, 'black': 1, 'auto_color': 0}","{'red': 3, 'blue': 2, 'green': 2, 'white': 2, 'black': 3}","['I_21', 'I_8', 'I_38', 'I_20', 'I_14', 'I_39', 'I_32', 'I_23', 'I_2', 'I_37', 'I_16', 'I_30']",[],[],9,"{'red': 0, 'blue': 1, 'green': 0, 'white': 0, 'black': 0, 'auto_color': 0}","{'red': 3, 'blue': 4, 'green': 3, 'white': 2, 'black': 3}","['I_9', 'I_36', 'I_15', 'I_1', 'I_35', 'I_24', 'I_11', 'I_29', 'I_33', 'I_6', 'I_31', 'I_4', 'I_22', 'II_11', 'II_17']","['Noble_3', 'Noble_2']","['III_12', 'III_13']",23
"{'red': 3, 'blue': 1, 'green': 5, 'white': 0, 'black': 2, 'auto_color': 3}",[],"['II_14', 'II_28', 'II_15', 'II_19']","['III_17', 'III_9', 'III_4', 'III_8']","['Noble_1', 'Noble_10', 'Noble_8']",[],"['II_8', 'II_23', 'II_3', 'II_21', 'II_5', 'II_13', 'II_29', 'II_16', 'II_4', 'II_30', 'II_12', 'II_2', 'II_20', 'II_9', 'II_24', 'II_26', 'II_27', 'II_25', 'II_18']","['III_19', 'III_7', 'III_2', 'III_1', 'III_10', 'III_20', 'III_6', 'III_5', 'III_11', 'III_16', 'III_15', 'III_18', 'III_14']","['Noble_9', 'Noble_4', 'Noble_6', 'Noble_7', 'Noble_5']",2,"{'red': 0, 'blue': 2, 'green': 0, 'white': 1, 'black': 2, 'auto_color': 0}","{'red': 3, 'blue': 3, 'green': 2, 'white': 4, 'black': 2}","['I_25', 'I_3', 'I_18', 'I_13', 'I_12', 'I_19', 'I_34', 'I_10', 'I_40', 'I_27', 'I_5', 'I_26', 'II_22', 'I_17']",[],[],11,"{'red': 0, 'blue': 2, 'green': 0, 'white': 2, 'black': 1, 'auto_color': 1}","{'red': 0, 'blue': 2, 'green': 3, 'white': 1, 'black': 0}","['II_10', 'I_28', 'I_7', 'II_1', 'II_7', 'II_6']",[],['III_3'],1,"{'red': 4, 'blue': 1, 'green': 1, 'white': 3, 'black': 1, 'auto_color': 0}","{'red': 3, 'blue': 2, 'green': 2, 'white': 2, 'black': 3}","['I_21', 'I_8', 'I_38', 'I_20', 'I_14', 'I_39', 'I_32', 'I_23', 'I_2', 'I_37', 'I_16', 'I_30']",[],[],9,"{'red': 0, 'blue': 1, 'green': 1, 'white': 1, 'black': 1, 'auto_color': 0}","{'red': 3, 'blue': 4, 'green': 3, 'white': 2, 'black': 3}","['I_9', 'I_36', 'I_15', 'I_1', 'I_35', 'I_24', 'I_11', 'I_29', 'I_33', 'I_6', 'I_31', 'I_4', 'I_22', 'II_11', 'II_17']","['Noble_3', 'Noble_2']","['III_12', 'III_13']",24
"{'red': 3, 'blue': 2, 'green': 3, 'white': 3, 'black': 1, 'auto_color': 3}",[],"['II_14', 'II_28', 'II_15', 'II_19']","['III_17', 'III_7', 'III_19', 'III_8']","['Noble_1', 'Noble_10', 'Noble_8']",[],"['II_8', 'II_23', 'II_3', 'II_21', 'II_5', 'II_13', 'II_29', 'II_16', 'II_4', 'II_30', 'II_12', 'II_2', 'II_20', 'II_9', 'II_24', 'II_26', 'II_27', 'II_25', 'II_18']","['III_2', 'III_1', 'III_10', 'III_20', 'III_6', 'III_5', 'III_11', 'III_16', 'III_15', 'III_18', 'III_14']","['Noble_9', 'Noble_4', 'Noble_6', 'Noble_7', 'Noble_5']",2,"{'red': 0, 'blue': 3, 'green': 0, 'white': 2, 'black': 3, 'auto_color': 0}","{'red': 3, 'blue': 3, 'green': 2, 'white': 4, 'black': 2}","['I_25', 'I_3', 'I_18', 'I_13', 'I_12', 'I_19', 'I_34', 'I_10', 'I_40', 'I_27', 'I_5', 'I_26', 'II_22', 'I_17']",[],[],11,"{'red': 0, 'blue': 2, 'green': 2, 'white': 2, 'black': 1, 'auto_color': 1}","{'red': 0, 'blue': 2, 'green': 3, 'white': 1, 'black': 0}","['II_10', 'I_28', 'I_7', 'II_1', 'II_7', 'II_6']",[],['III_3'],4,"{'red': 4, 'blue': 0, 'green': 1, 'white': 0, 'black': 1, 'auto_color': 0}","{'red': 3, 'blue': 2, 'green': 3, 'white': 2, 'black': 3}","['I_21', 'I_8', 'I_38', 'I_20', 'I_14', 'I_39', 'I_32', 'I_23', 'I_2', 'I_37', 'I_16', 'I_30', 'III_4']",[],[],12,"{'red': 0, 'blue': 0, 'green': 1, 'white': 0, 'black': 1, 'auto_color': 0}","{'red': 4, 'blue': 4, 'green': 3, 'white': 2, 'black': 3}","['I_9', 'I_36', 'I_15', 'I_1', 'I_35', 'I_24', 'I_11', 'I_29', 'I_33', 'I_6', 'I_31', 'I_4', 'I_22', 'II_11', 'II_17', 'III_9']","['Noble_3', 'Noble_2']","['III_12', 'III_13']",25
"{'red': 5, 'blue': 1, 'green': 1, 'white': 5, 'black': 1, 'auto_color': 3}",[],"['II_14', 'II_28', 'II_15', 'II_19']","['III_17', 'III_7', 'III_2', 'III_1']","['Noble_1', 'Noble_10', 'Noble_8']",[],"['II_8', 'II_23', 'II_3', 'II_21', 'II_5', 'II_13', 'II_29', 'II_16', 'II_4', 'II_30', 'II_12', 'II_2', 'II_20', 'II_9', 'II_24', 'II_26', 'II_27', 'II_25', 'II_18']","['III_10', 'III_20', 'III_6', 'III_5', 'III_11', 'III_16', 'III_15', 'III_18', 'III_14']","['Noble_9', 'Noble_4', 'Noble_6', 'Noble_7', 'Noble_5']",6,"{'red': 0, 'blue': 3, 'green': 0, 'white': 0, 'black': 2, 'auto_color': 0}","{'red': 3, 'blue': 4, 'green': 2, 'white': 4, 'black': 2}","['I_25', 'I_3', 'I_18', 'I_13', 'I_12', 'I_19', 'I_34', 'I_10', 'I_40', 'I_27', 'I_5', 'I_26', 'II_22', 'I_17', 'III_8']",[],[],11,"{'red': 0, 'blue': 3, 'green': 3, 'white': 1, 'black': 2, 'auto_color': 1}","{'red': 0, 'blue': 2, 'green': 3, 'white': 1, 'black': 0}","['II_10', 'I_28', 'I_7', 'II_1', 'II_7', 'II_6']",[],['III_3'],8,"{'red': 1, 'blue': 0, 'green': 1, 'white': 0, 'black': 1, 'auto_color': 0}","{'red': 3, 'blue': 2, 'green': 3, 'white': 2, 'black': 4}","['I_21', 'I_8', 'I_38', 'I_20', 'I_14', 'I_39', 'I_32', 'I_23', 'I_2', 'I_37', 'I_16', 'I_30', 'III_4', 'III_19']",[],[],12,"{'red': 1, 'blue': 0, 'green': 2, 'white': 1, 'black': 1, 'auto_color': 0}","{'red': 4, 'blue': 4, 'green': 3, 'white': 2, 'black': 3}","['I_9', 'I_36', 'I_15', 'I_1', 'I_35', 'I_24', 'I_11', 'I_29', 'I_33', 'I_6', 'I_31', 'I_4', 'I_22', 'II_11', 'II_17', 'III_9']","['Noble_3', 'Noble_2']","['III_12', 'III_13']",26
"{'red': 5, 'blue': 1, 'green': 3, 'white': 7, 'black': 4, 'auto_color': 2}",[],"['II_14', 'II_28', 'II_23', 'II_19']","['III_20', 'III_7', 'III_2', 'III_10']","['Noble_1', 'Noble_10', 'Noble_8']",[],"['II_3', 'II_21', 'II_5', 'II_13', 'II_29', 'II_16', 'II_4', 'II_30', 'II_12', 'II_2', 'II_20', 'II_9', 'II_24', 'II_26', 'II_27', 'II_25', 'II_18']","['III_6', 'III_5', 'III_11', 'III_16', 'III_15', 'III_18', 'III_14']","['Noble_9', 'Noble_4', 'Noble_6', 'Noble_7', 'Noble_5']",8,"{'red': 0, 'blue': 3, 'green': 0, 'white': 0, 'black': 0, 'auto_color': 0}","{'red': 3, 'blue': 5, 'green': 2, 'white': 4, 'black': 2}","['I_25', 'I_3', 'I_18', 'I_13', 'I_12', 'I_19', 'I_34', 'I_10', 'I_40', 'I_27', 'I_5', 'I_26', 'II_22', 'I_17', 'III_8', 'II_8']",[],[],11,"{'red': 0, 'blue': 3, 'green': 3, 'white': 0, 'black': 2, 'auto_color': 2}","{'red': 0, 'blue': 2, 'green': 3, 'white': 1, 'black': 0}","['II_10', 'I_28', 'I_7', 'II_1', 'II_7', 'II_6']",[],"['III_3', 'III_1']",10,"{'red': 1, 'blue': 0, 'green': 1, 'white': 0, 'black': 0, 'auto_color': 0}","{'red': 4, 'blue': 2, 'green': 3, 'white': 2, 'black': 4}","['I_21', 'I_8', 'I_38', 'I_20', 'I_14', 'I_39', 'I_32', 'I_23', 'I_2', 'I_37', 'I_16', 'I_30', 'III_4', 'III_19', 'II_15']",[],[],15,"{'red': 1, 'blue': 0, 'green': 0, 'white': 0, 'black': 1, 'auto_color': 0}","{'red': 4, 'blue': 4, 'green': 3, 'white': 2, 'black': 4}","['I_9', 'I_36', 'I_15', 'I_1', 'I_35', 'I_24', 'I_11', 'I_29', 'I_33', 'I_6', 'I_31', 'I_4', 'I_22', 'II_11', 'II_17', 'III_9', 'III_17']","['Noble_3', 'Noble_2']","['III_12', 'III_13']",27
